1637328581.1714857,A,0,0,0
1637328582.2027168,A,0,0,0
1637328583.2295601,A,0,0,0
1637328584.254132,A,0,0,0
1637328585.3002222,A,0,0,0
1637328586.383653,A,0,0,0
1637328587.4041293,A,0,0,0
1637328588.4448671,A,0,0,0
1637328589.4669292,A,0,0,0
1637328590.4910553,A,0,0,0
1637328591.5276835,A,0,0,0
1637328592.610008,A,0,0,0
1637328593.6410854,A,0,0,0
1637328594.6626847,A,0,0,0
1637328595.6950948,A,0,0,0
1637328596.7204392,A,0,0,0
1637328597.7725053,A,0,0,0
1637328598.807615,A,0,0,0
1637328599.8312693,A,0,0,0
1637328600.871715,A,0,0,0
1637328601.8982325,A,0,0,0
1637328603.0843096,A,0,0,0
1637328604.2004426,A,0,0,0
1637328605.2396917,A,0,0,0
1637328606.2590034,A,0,0,0
1637328607.2795312,A,0,0,0
1637328608.3000963,A,0,0,0
1637328609.5202212,A,0,0,0
1637328610.549189,A,0,0,0
1637328611.5731578,A,0,0,0
1637328612.5978816,A,0,0,0
1637328613.6216693,A,0,0,0
1637328614.6501904,A,0,0,0
1637328615.7004108,A,0,0,0
1637328616.7245564,A,0,0,0
1637328617.7484295,A,0,0,0
1637328618.782168,A,0,0,0
1637328619.8057544,A,0,0,0
1637328620.8303878,A,0,0,0
1637328621.8537843,A,0,0,0
1637328622.8806775,A,0,0,0
1637328623.9078574,A,0,0,0
1637328624.9320095,A,0,0,0
1637328626.0197043,A,0,0,0
1637328627.0571551,A,0,0,0
1637328628.081656,A,0,0,0
1637328629.1076946,A,0,0,0
1637328630.1402576,A,0,0,0
1637328631.1661136,A,0,0,0
1637328632.203706,A,0,0,0
1637328633.2271574,A,0,0,0
1637328634.2615068,A,0,0,0
1637328635.2927392,A,0,0,0
1637328636.3198833,A,0,0,0
1637328637.3393753,A,0,0,0
1637328638.3572547,A,0,0,0
1637328639.3765604,A,0,0,0
1637328640.4041557,A,0,0,0
1637328641.425024,A,0,0,0
1637328642.4498293,A,0,0,0
1637328643.4690008,A,0,0,0
1637328644.5133674,A,0,0,0
1637328645.5428436,A,0,0,0
1637328646.5625215,A,0,0,0
1637328647.5839376,A,0,0,0
1637328648.6067905,A,0,0,0
1637328649.630829,A,0,0,0
1637328650.6536248,A,0,0,0
1637328651.6744401,A,0,0,0
1637328652.7184315,A,0,0,0
1637328653.743563,A,0,0,0
1637328654.7673287,A,0,0,0
1637328655.7888558,A,0,0,0
1637328656.823388,A,0,0,0
1637328657.852882,A,0,0,0
1637328658.8818426,A,0,0,0
1637328659.9059727,A,0,0,0
1637328660.929768,A,0,0,0
1637328661.9662156,A,0,0,0
1637328663.002586,A,0,0,0
1637328664.024888,A,0,0,0
1637328665.0644279,A,0,0,0
1637328666.0879526,A,0,0,0
1637328667.1168106,A,0,0,0
1637328668.1435966,A,0,0,0
1637328669.164275,A,0,0,0
1637328670.1877747,A,0,0,0
1637328671.2084012,A,0,0,0
1637328672.2316194,A,0,0,0
1637328673.2506738,A,0,0,0
1637328674.2747798,A,0,0,0
1637328675.3244445,A,0,0,0
1637328676.3764153,A,0,0,0
1637328677.4165838,A,0,0,0
1637328678.447738,A,0,0,0
1637328679.4684463,A,0,0,0
1637328680.5010474,A,0,0,0
1637328681.528518,A,0,0,0
1637328682.5511122,A,0,0,0
1637328683.5701323,A,0,0,0
1637328684.5968466,A,0,0,0
1637328685.619747,A,0,0,0
1637328686.6388571,A,0,0,0
1637328687.6616583,A,0,0,0
1637328688.6812809,A,0,0,0
1637328689.7147493,A,0,0,0
1637328690.739978,A,0,0,0
1637328691.7612875,A,0,0,0
1637328692.793428,A,0,0,0
1637328693.8242853,A,0,0,0
1637328694.8628128,A,0,0,0
1637328695.883769,A,0,0,0
1637328696.90523,A,0,0,0
1637328697.9336052,A,0,0,0
1637328698.970887,A,0,0,0
1637328699.9970138,A,0,0,0
1637328701.0299082,A,0,0,0
1637328702.0533435,A,0,0,0
1637328703.102801,A,0,0,0
1637328704.1260037,A,0,0,0
1637328705.1483183,A,0,0,0
1637328706.1682992,A,0,0,0
1637328707.1931767,A,0,0,0
1637328708.2231045,A,0,0,0
1637328709.2444046,A,0,0,0
1637328710.3849657,A,0,0,0
1637328711.4128766,A,0,0,0
1637328712.4430647,A,0,0,0
1637328713.4654808,A,0,0,0
1637328714.4853215,A,0,0,0
1637328715.5087626,A,0,0,0
1637328716.5379763,A,0,0,0
1637328717.5625582,A,0,0,0
1637328718.5895896,A,0,0,0
1637328719.6237097,A,0,0,0
1637328720.6465144,A,0,0,0
1637328721.6665778,A,0,0,0
1637328722.688444,A,0,0,0
1637328723.710847,A,0,0,0
1637328724.732067,A,0,0,0
1637328725.7626994,A,0,0,0
1637328726.792121,A,0,0,0
1637328727.8244288,A,0,0,0
1637328728.8439603,A,0,0,0
1637328729.8724995,A,0,0,0
1637328730.897042,A,0,0,0
1637328731.9209523,A,1.1073789596557617,0.8045579195022583,0.09439980983734131
1637328732.9464195,A,1.1979961395263672,0.8388468623161316,0.14087258279323578
1637328733.983592,A,1.2678261995315552,0.7309866547584534,0.0009719482623040676
1637328735.0043366,A,1.2522547245025635,0.8443461656570435,0.0471399649977684
1637328736.0284066,A,1.2521790266036987,0.8446028828620911,0.09415639191865921
1637328737.0512059,A,1.267119288444519,0.7319052815437317,0.14151790738105774
1637328738.0755682,A,1.3280202150344849,0.9000577926635742,0.18831464648246765
1637328739.1024196,A,1.3444867134094238,0.6881161332130432,0.18807384371757507
1637328740.1240973,A,1.3684343099594116,0.6392489671707153,0.1878317892551422
1637328741.144728,A,1.3520770072937012,1.4453109502792358,0.0004890935379080474
1637328742.183997,A,1.3520770072937012,1.4453109502792358,0.0004890935379080474
1637328743.2103984,A,1.7023879289627075,1.959852695465088,0.04792889207601547
1637328744.2401104,A,1.801992654800415,1.868661642074585,0.23526884615421295
1637328745.2614236,A,1.5697201490402222,2.0080697536468506,3.222507061195756e-08
1637328746.2802875,A,2.0931200981140137,2.173957586288452,8.562755539343048e-13
1637328747.3049273,A,1.7070176601409912,1.959648609161377,0.09391339123249054
1637328748.3457835,A,1.8002257347106934,1.9993582963943481,6.286963412094337e-07
1637328749.3875177,A,1.7977830171585083,2.0014922618865967,0.0014523075660690665
1637328750.4126859,A,1.6984821557998657,2.0252561569213867,3.8590307838148874e-08
1637328751.4663754,A,1.6990160942077637,2.024808645248413,1.0254107675813917e-12
1637328752.4921656,A,1.5643006563186646,2.072134494781494,0.1408700793981552
1637328753.5192208,A,1.3524751663208008,2.1605782508850098,0.14159810543060303
1637328754.5425155,A,1.5506690740585327,2.536271333694458,0.0002458137460052967
1637328755.565888,A,1.9112749099731445,2.2780065536499023,0.04816696047782898
1637328756.5891695,A,1.4393551349639893,2.8141086101531982,0.00024333114561159164
1637328757.6093724,A,0.7199416756629944,3.3682687282562256,0.04744080454111099
1637328758.6326094,A,0.6259015202522278,3.5310895442962646,0.1880713254213333
1637328759.6543179,A,-0.7778161764144897,4.317986965179443,0.6547691822052002
1637328760.689121,A,-0.6196048259735107,4.6347832679748535,0.7029638886451721
1637328761.7200587,A,-0.8187183737754822,4.6956400871276855,0.0505613274872303
1637328762.742954,A,-0.9092240929603577,5.156680583953857,1.3435011396722985e-06
1637328763.7683544,A,-1.3310546875,5.794820785522461,1.7448184008728163e-09
1637328764.9051762,A,-1.3310546875,5.794820785522461,1.7448184008728163e-09
1637328766.0016608,A,-2.024449586868286,6.624884128570557,0.2356114238500595
1637328767.0261006,A,-2.767263650894165,6.372235298156738,0.24102990329265594
1637328768.050858,A,-2.7598588466644287,6.199961185455322,0.23600058257579803
1637328769.074029,A,-2.555184841156006,6.249134540557861,0.00024829397443681955
1637328770.107156,A,-2.335310220718384,6.032190799713135,1.2798999478036421e-06
1637328771.1451094,A,-1.6332378387451172,6.012862682342529,1.3304645163358941e-09
1637328772.1740646,A,-1.6332378387451172,6.012862682342529,1.3304645163358941e-09
1637328773.20399,A,-1.6332378387451172,6.012862682342529,1.3304645163358941e-09
1637328774.2253098,A,-1.6332378387451172,6.012862682342529,1.3304645163358941e-09
1637328775.2465231,A,-1.6332378387451172,6.012862682342529,1.3304645163358941e-09
1637328776.2708526,A,-8.58401870727539,9.331375122070312,4.945966596350826e-13
1637328777.3069568,A,-9.10565185546875,8.578221321105957,6.423336712649058e-16
1637328778.3285275,A,-9.342216491699219,8.206326484680176,3.311020564748936e-18
1637328779.3534892,A,-9.658233642578125,7.705541610717773,0.00018294938490726054
1637328780.3784392,A,-10.193259239196777,7.199926376342773,4.861183011684034e-09
1637328781.4042342,A,-10.193259239196777,7.199926376342773,4.861183011684034e-09
1637328782.4353852,A,-10.396464347839355,6.759024620056152,2.6047728495068485e-14
1637328783.4656472,A,-10.459988594055176,6.568195819854736,3.3828444505417624e-17
1637328784.4852598,A,-10.611136436462402,6.3603835105896,8.988620932257305e-22
1637328785.511359,A,-10.514098167419434,6.992577075958252,0.23478347063064575
1637328786.5398188,A,-10.513749122619629,7.4342041015625,0.0003049156512133777
1637328787.5781496,A,-10.368661880493164,7.702721118927002,7.899396337052167e-07
1637328788.6076438,A,-10.368661880493164,7.702721118927002,7.899396337052167e-07
1637328789.6313648,A,-10.000692367553711,7.356475353240967,4.232730485553837e-12
1637328790.6574585,A,-11.87514877319336,4.355483055114746,2.8335703848991954e-17
1637328791.6819153,A,-11.87514877319336,4.355483055114746,2.8335703848991954e-17
1637328792.70795,A,-10.976487159729004,5.592799663543701,0
1637328793.7336688,A,-10.976487159729004,5.592799663543701,0
1637328794.766258,A,-10.976487159729004,5.592799663543701,0
1637328795.790046,A,-10.976487159729004,5.592799663543701,0
1637328796.842095,A,-10.976487159729004,5.592799663543701,0
1637328798.8979714,A,-0.6500023007392883,5.293844223022461,0
1637328799.9249651,A,-11.647673606872559,4.2618913650512695,0
1637328800.959257,A,-11.436180114746094,4.164095878601074,0
1637328801.9855926,A,-11.436180114746094,4.164095878601074,0
1637328803.006774,A,-12.286370277404785,1.434085488319397,0
1637328804.0268393,A,-12.286370277404785,1.434085488319397,0
1637328805.050565,A,-12.522082328796387,2.1627752780914307,0
1637328806.0682466,A,-12.522082328796387,2.1627752780914307,0
1637328807.1010337,A,-7.383965015411377,3.5937705039978027,0
1637328808.1263158,A,-4.632884502410889,4.308818340301514,0
1637328809.146967,A,-4.632884502410889,4.308818340301514,0
1637328810.179507,A,-4.632884502410889,4.308818340301514,0
1637328811.2067595,A,-9.990124702453613,6.7064971923828125,0
1637328812.2421818,A,-10.077083587646484,6.685815334320068,0
1637328813.2635202,A,-10.077083587646484,6.685815334320068,0
1637328814.2903776,A,-10.077083587646484,6.685815334320068,0
1637328815.3162014,A,-10.077083587646484,6.685815334320068,0
1637328816.3530567,A,-10.228007316589355,6.230504512786865,0
1637328817.3740091,A,-10.331990242004395,6.026270389556885,0
1637328818.4314194,A,-10.431426048278809,5.727061748504639,0
1637328819.4519129,A,-10.466009140014648,5.659121036529541,0
1637328820.475734,A,-10.466009140014648,5.659121036529541,0
1637328821.498872,A,-6.711494445800781,3.9350743293762207,0.2357954978942871
1637328822.5223954,A,-4.228898048400879,3.799480676651001,6.256165215745568e-05
1637328823.5467973,A,-4.373562812805176,5.855775833129883,3.224849081107095e-07
1637328824.5754848,A,-4.373562812805176,5.855775833129883,3.224849081107095e-07
1637328825.59556,A,-4.373562812805176,5.855775833129883,3.224849081107095e-07
1637328826.6180542,A,-4.373562812805176,5.855775833129883,3.224849081107095e-07
1637328827.65362,A,-8.721304893493652,8.077249526977539,1.2909751045953044e-10
1637328828.6836324,A,-9.165359497070312,7.854240417480469,6.65452502129904e-13
1637328829.7071686,A,-9.428143501281738,7.610402584075928,8.642298336659308e-16
1637328830.7362552,A,-9.706526756286621,7.186661720275879,1.1223783155136283e-18
1637328831.7602348,A,-9.706526756286621,7.186661720275879,1.1223783155136283e-18
1637328832.7845445,A,-9.875799179077148,6.541183948516846,8.338628828871993e-22
1637328833.8056777,A,-10.00155258178711,6.155930519104004,4.298278641621758e-24
1637328836.3227506,A,-8.574224472045898,9.076920509338379,1.187222963257052e-31
1637328838.515873,A,-9.843225479125977,6.350282669067383,0.09391340613365173
1637328839.727097,A,-9.816668510437012,6.046470642089844,5.032278522776323e-07
1637328841.1530578,A,-9.903648376464844,6.068751335144043,2.593971926145855e-09
1637328842.1795244,A,-9.830180168151855,5.96936559677124,2.696451135292266e-12
1637328843.2006097,A,-9.719060897827148,5.843623161315918,2.80296691246133e-15
1637328844.2294095,A,-8.502642631530762,2.6165592670440674,1.4448360450741284e-17
1637328845.256567,A,-9.7413330078125,5.559229373931885,3.743148660637011e-20
1637328846.2766294,A,-9.7413330078125,5.559229373931885,3.743148660637011e-20
1637328847.3032568,A,-9.724590301513672,5.92458963394165,2.163673018027354e-23
1637328848.3314338,A,-9.724590301513672,5.92458963394165,2.163673018027354e-23
1637328849.3553479,A,-9.362874984741211,6.633023738861084,7.279737735501138e-29
1637328850.374655,A,-9.362874984741211,6.633023738861084,7.279737735501138e-29
1637328851.395655,A,-6.7914557456970215,4.82844877243042,6.308272213525368e-32
1637328852.4173808,A,-6.449440956115723,5.3080244064331055,3.251701375646316e-34
1637328853.4373734,A,-6.449440956115723,5.3080244064331055,3.251701375646316e-34
1637328854.4561894,A,-6.449440956115723,5.3080244064331055,3.251701375646316e-34
1637328855.4894717,A,-9.102921485900879,6.401376247406006,8.720826849894423e-40
1637328856.5130265,A,-9.102921485900879,6.401376247406006,8.720826849894423e-40
1637328857.5384557,A,-7.157631874084473,5.025650501251221,1.401298464324817e-45
1637328858.5889673,A,-3.012324810028076,4.516908645629883,0.09391339868307114
1637328859.6132836,A,-3.012324810028076,4.516908645629883,0.09391339868307114
1637328860.6415281,A,-3.012324810028076,4.516908645629883,0.09391339868307114
1637328861.6920347,A,-3.012324810028076,4.516908645629883,0.09391339868307114
1637328862.7123106,A,-3.012324810028076,4.516908645629883,0.09391339868307114
1637328863.7349353,A,-1.2231374979019165,3.5745766162872314,0.18877094984054565
1637328864.7560518,A,-1.2231374979019165,3.5745766162872314,0.18877094984054565
1637328865.780008,A,-1.0899018049240112,3.1702418327331543,0.047322679311037064
1637328866.8153234,A,-0.7077997326850891,2.647848606109619,0.09391465038061142
1637328867.858939,A,0.374317467212677,1.6544735431671143,0.002520353998988867
1637328868.9146426,A,0.22006742656230927,2.487743616104126,0.00891686137765646
1637328869.9396565,A,-0.27468934655189514,3.195040464401245,4.854951839661226e-05
1637328870.959457,A,-1.0417741537094116,3.674908399581909,0.04695669934153557
1637328871.981639,A,-1.2208967208862305,4.067258358001709,0.6602253913879395
1637328873.0042722,A,-2.012598752975464,4.0554728507995605,0.19438764452934265
1637328874.0238466,A,-1.4677270650863647,4.489227294921875,0.0005255528958514333
1637328875.047294,A,-1.3578846454620361,4.422796249389648,0.04669719189405441
1637328876.0767736,A,-0.31358012557029724,4.331305980682373,0.007082175463438034
1637328877.099184,A,-0.11902082711458206,3.587951898574829,0.05323553830385208
1637328878.1250918,A,-0.4026354253292084,3.328338861465454,0.00027287559350952506
1637328879.1459718,A,-0.9715431928634644,2.8612799644470215,7.250772426914409e-09
1637328880.164191,A,-1.422372579574585,2.1180639266967773,0.0002420512610115111
1637328881.1899555,A,-1.7796491384506226,2.2011804580688477,0.6571932435035706
1637328882.2319841,A,-2.059802532196045,2.2090137004852295,0.14661432802677155
1637328883.2547333,A,-2.094484329223633,2.241766929626465,0.6075099110603333
1637328884.275168,A,-2.1245601177215576,2.278308629989624,0.7079883217811584
1637328885.2946932,A,-2.1567492485046387,2.3128302097320557,3.9094335079425946e-05
1637328886.3165264,A,-2.1567492485046387,2.3128302097320557,3.9094335079425946e-05
1637328887.3719316,A,-2.3427040576934814,2.2624025344848633,0.23599685728549957
1637328888.424015,A,-2.262434720993042,2.342676877975464,6.270841822697548e-06
1637328889.4469292,A,-2.3739798069000244,2.29740047454834,0.046957943588495255
1637328890.4670672,A,-2.3765945434570312,2.295254707336426,0.04719875380396843
1637328891.4975784,A,-2.603325366973877,2.1844494342803955,0.09440000355243683
1637328892.5215335,A,-2.603325366973877,2.1844494342803955,0.09440000355243683
1637328893.5532293,A,-2.603325366973877,2.1844494342803955,0.09440000355243683
1637328894.5783339,A,-2.603325366973877,2.1844494342803955,0.09440000355243683
1637328895.6011202,A,-2.603325366973877,2.1844494342803955,0.09440000355243683
1637328897.6421928,A,-2.603325366973877,2.1844494342803955,0.09440000355243683
1637328898.6621313,A,-2.8225553035736084,2.056903600692749,0.0007298964192159474
1637328899.6844888,A,-2.7874722480773926,2.025378465652466,3.7432600947795436e-06
1637328900.7066097,A,-2.7875490188598633,2.025272846221924,9.946485302059216e-11
1637328901.7270248,A,-2.7875490188598633,2.025272846221924,9.946485302059216e-11
1637328902.9428577,A,-2.714092969894409,2.0451955795288086,6.658601701935716e-16
1637328904.0266552,A,-2.717478036880493,2.0406620502471924,8.892126153666125e-21
1637328905.0458739,A,-2.78751277923584,2.025319814682007,0.04719874635338783
1637328906.0676608,A,-2.8139381408691406,1.9054535627365112,1.2541518117359374e-06
1637328907.1003242,A,-2.820889472961426,1.895153284072876,3.332497125474454e-11
1637328908.1193461,A,-2.787687301635742,2.0250802040100098,0.0002420512610115111
1637328909.275081,A,-2.910482168197632,1.7546898126602173,6.270842050071224e-07
1637328910.3517559,A,-2.9669365882873535,1.751804232597351,0.09391339123249054
1637328911.3758008,A,-2.793041229248047,2.017625570297241,1.2863436538168571e-08
1637328912.414525,A,-3.0064477920532227,1.682755470275879,0.09391339123249054
1637328913.471871,A,-2.8234171867370605,1.8917834758758545,2.4954401851573493e-06
1637328914.506378,A,-2.8234171867370605,1.8917834758758545,2.4954401851573493e-06
1637328915.5410159,A,-2.750288486480713,2.0745012760162354,0.0002445531135890633
1637328916.56583,A,-2.232069253921509,3.069171905517578,0.04695670306682587
1637328917.5982363,A,-1.9413025379180908,2.629976987838745,0.14135542511940002
1637328918.6254225,A,-2.0469179153442383,2.533599376678467,0.04696045070886612
1637328919.6468072,A,-1.9340225458145142,2.5619983673095703,0.04719876870512962
1637328920.6696177,A,-1.9505414962768555,2.4891438484191895,0.14087072014808655
1637328921.693819,A,-2.126979112625122,2.27604603767395,0.14087381958961487
1637328922.7187352,A,-1.8904309272766113,2.4168570041656494,0.00024579453747719526
1637328923.7434237,A,-2.326542377471924,1.999483585357666,6.531183149860453e-09
1637328924.7695014,A,-2.1657156944274902,2.1056957244873047,0.0004841025220230222
1637328925.7971067,A,-2.06643009185791,2.1384811401367188,1.2541684100142447e-06
1637328926.8158705,A,-2.065333604812622,2.1387150287628174,3.332497125474454e-11
1637328927.8400867,A,-2.4777631759643555,2.6546332836151123,0.0002420512610115111
1637328928.8707619,A,-2.8597469329833984,3.5096089839935303,0.18855512142181396
1637328929.9156227,A,-2.6520392894744873,2.5532162189483643,0.000486623786855489
1637328930.9395978,A,-2.6520392894744873,2.5532162189483643,0.000486623786855489
1637328931.9626274,A,-3.282545804977417,3.644172430038452,6.498542148847264e-09
1637328933.0005484,A,-2.2994930744171143,4.121952056884766,0.18782678246498108
1637328934.0216916,A,-1.6884130239486694,3.950409412384033,0.00019524719391483814
1637328935.0409973,A,-2.495887279510498,4.11186408996582,0.09391441196203232
1637328936.0674274,A,-2.495887279510498,4.11186408996582,0.09391441196203232
1637328937.0944288,A,-1.7820457220077515,3.9612598419189453,0.8933039903640747
1637328938.1205447,A,-1.8462013006210327,3.4587512016296387,0.8052937984466553
1637328939.1414142,A,-1.4263968467712402,3.1899170875549316,0.893391489982605
1637328940.1645927,A,-1.517381191253662,3.403475046157837,0.10052844882011414
1637328941.2066197,A,-1.099816083908081,3.1688690185546875,0.04777449369430542
1637328942.238455,A,-0.7499403357505798,2.975343704223633,0.04720000922679901
1637328943.2588613,A,-0.7423498630523682,2.976837396621704,0.047200001776218414
1637328944.2830703,A,-0.6359163522720337,3.001359462738037,3.1597696192875446e-07
1637328945.311595,A,-0.6332593560218811,3.001570701599121,0.09391339123249054
1637328946.3341198,A,-0.3682630658149719,2.998270034790039,2.4954401851573493e-06
1637328947.3589084,A,-0.3682630658149719,2.998270034790039,2.4954401851573493e-06
1637328948.3812466,A,-0.21074123680591583,3.013733386993408,0.047199998050928116
1637328949.4177806,A,-0.26291418075561523,3.0566866397857666,0.001211510505527258
1637328950.4487126,A,-0.2642722427845001,3.0565779209136963,0.0012102884938940406
1637328951.6543093,A,-0.16924330592155457,3.063796043395996,0.00024208342074416578
1637328952.673603,A,-0.11041237413883209,3.112776279449463,0.23478472232818604
1637328953.6994631,A,0.1564977616071701,3.0643136501312256,0.09512989223003387
1637328954.7232544,A,0.1630202978849411,3.11063814163208,0.0939159169793129
1637328955.8659859,A,0.3176027834415436,3.051494836807251,0.18831337988376617
1637328956.941538,A,0.5300478339195251,3.0215988159179688,0.0951295867562294
1637328957.9779637,A,0.31862181425094604,3.004199981689453,0.18831714987754822
1637328959.0001662,A,0.5213648676872253,2.975426197052002,0.1418432891368866
1637328960.0307178,A,0.5713502764701843,2.96622896194458,0.09536946564912796
1637328961.063333,A,0.6261622309684753,2.9555294513702393,0.0004866366507485509
1637328962.1727076,A,0.8989819884300232,2.933626413345337,0.18782679736614227
1637328963.2558217,A,0.6264610886573792,2.9554691314697266,0.0944024845957756
1637328964.2804852,A,0.6264610886573792,2.9554691314697266,0.0944024845957756
1637328965.370482,A,0.6262684464454651,2.955508232116699,0.09440000355243683
1637328966.3939648,A,0.5444002747535706,3.0667600631713867,2.5083702439587796e-06
1637328967.4171486,A,0.8936191201210022,2.9349498748779297,0.18782678246498108
1637328968.4424422,A,0.640339195728302,3.0004189014434814,0.09391465783119202
1637328969.465583,A,0.9066564440727234,2.9799692630767822,0.09439750015735626
1637328970.4920883,A,1.0603886842727661,2.9294564723968506,0.0004866044328082353
1637328971.5181944,A,1.2816977500915527,3.497842311859131,0.18855294585227966
1637328972.5446007,A,1.1834864616394043,3.2867696285247803,0.000489112688228488
1637328973.5638828,A,0.5924162864685059,3.728624105453491,1.2996565601497423e-08
1637328974.5987113,A,-0.6781270503997803,3.905142068862915,0.04695669561624527
1637328975.6294124,A,-1.030889630317688,4.168158531188965,0.7043906450271606
1637328976.6531103,A,-1.9697781801223755,3.9231812953948975,0.6075746417045593
1637328977.6723363,A,-2.3508291244506836,4.469318389892578,1.605360012035817e-05
1637328978.6921656,A,-2.302999258041382,4.336086273193359,8.275271312641053e-08
1637328979.7150555,A,-2.0535011291503906,4.821836948394775,0.04695669561624527
1637328980.7358134,A,-1.7330317497253418,5.142285346984863,0.14111213386058807
1637328981.7663765,A,-1.273621916770935,5.985107421875,0.2359977513551712
1637328982.808481,A,-1.1429311037063599,6.3631911277771,0.0009744687122292817
1637328983.8341603,A,-0.6631609797477722,6.905264854431152,2.589330883040475e-08
1637328984.8579957,A,-0.6422976851463318,7.3333330154418945,6.880297113293077e-13
1637328985.887239,A,-0.678710401058197,7.7573981285095215,8.935511496845593e-16
1637328986.9082222,A,-0.05398740991950035,8.257367134094238,2.314907130440888e-18
1637328987.9370756,A,-0.001309881336055696,9.199418067932129,6.151024894869418e-23
1637328988.9642148,A,-6.06962239544373e-05,9.015645980834961,7.988397491530247e-26
1637328989.9884007,A,-9.978305570257362e-06,8.968037605285645,4.117758110238948e-28
1637328991.0092804,A,-3.646919140010141e-07,8.49664306640625,3.5682641183758794e-31
1637328992.0459464,A,-3.646919140010141e-07,8.49664306640625,3.5682641183758794e-31
1637328993.0666943,A,-0.8558778762817383,8.404928207397461,0.00024267191474791616
1637328994.0911465,A,-0.8558778762817383,8.404928207397461,0.00024267191474791616
1637328995.1171238,A,-1.1513253450393677,8.27492904663086,2.522590705211769e-07
1637328996.1366923,A,-1.1557369232177734,8.22648811340332,2.622238537419719e-10
1637328997.1576266,A,-0.9065247178077698,8.210569381713867,1.3516766915813716e-12
1637328998.1835196,A,-1.130906343460083,8.134711265563965,1.405076887630273e-15
1637328999.2076147,A,-1.1300116777420044,7.991896629333496,9.406171244547382e-21
1637329000.2315822,A,-0.7600355744361877,7.988473892211914,0.09391339868307114
1637329001.2591784,A,-0.6914780735969543,7.899609565734863,0.09440000355243683
1637329002.2888255,A,-0.6870018243789673,7.852408409118652,0.09440000355243683
1637329003.317073,A,-0.6870018243789673,7.852408409118652,0.09440000355243683
1637329004.342877,A,-0.6968218088150024,7.8041582107543945,0.09391390532255173
1637329005.36172,A,-0.6789845824241638,7.758833885192871,0.09439998865127563
1637329006.3911934,A,-0.6746695637702942,7.711435794830322,0.00012259821232873946
1637329007.4164853,A,-1.3082813024520874,7.582010269165039,3.2575804276291365e-09
1637329008.4458578,A,-1.3358160257339478,7.576745986938477,2.1808067707912958e-14
1637329009.4735217,A,-1.3278671503067017,7.5308451652526855,1.1241347466904204e-16
1637329010.5011895,A,-1.3278892040252686,7.530837059020996,2.9870192680209155e-21
1637329011.5199919,A,-1.3359787464141846,7.576712131500244,7.937023541375311e-26
1637329012.5586746,A,-1.3359795808792114,7.576716899871826,1.030789243338888e-28
1637329013.5994084,A,-1.3278462886810303,7.530590534210205,2.7389295717357696e-33
1637329014.6683774,A,-1.3277835845947266,7.530234336853027,2.847135529990429e-36
1637329015.862805,A,-0.932851254940033,7.5417327880859375,7.56519001935039e-41
1637329016.912497,A,-0.9263841509819031,7.54252290725708,9.80908925027372e-44
1637329017.9433777,A,-0.9203622341156006,7.495711326599121,0
1637329018.9838982,A,-1.481821060180664,7.405555725097656,0.04695669561624527
1637329020.0194635,A,-1.5573480129241943,7.341511249542236,0.04719974845647812
1637329021.0419576,A,-0.6961646676063538,7.472158432006836,0.09391465038061142
1637329022.0676594,A,-0.658387303352356,7.523245334625244,0.00012259498180355877
1637329023.1386366,A,-0.6582216620445251,7.523260593414307,6.31937155048945e-07
1637329024.1577442,A,-0.6540869474411011,7.476245403289795,0.00048410255112685263
1637329025.1768885,A,-0.6663907170295715,7.616880893707275,0.09427741169929504
1637329026.2124007,A,-0.6827347278594971,7.803693771362305,0.09439937025308609
1637329027.2383664,A,-0.952237069606781,7.4939069747924805,2.5083536456804723e-06
1637329028.2607872,A,-0.952237069606781,7.4939069747924805,2.5083536456804723e-06
1637329029.292133,A,-1.2992281913757324,6.768830299377441,0.09391340613365173
1637329030.3173048,A,-1.2335125207901,6.348445892333984,0.14153806865215302
1637329031.3473647,A,-1.2335125207901,6.348445892333984,0.14153806865215302
1637329032.3718822,A,-1.2847546339035034,5.565731525421143,6.322198942143586e-07
1637329033.394269,A,-1.7951332330703735,5.372504234313965,3.2589522191983633e-09
1637329034.417637,A,-1.7951332330703735,5.372504234313965,3.2589522191983633e-09
1637329035.4474583,A,-1.7951332330703735,5.372504234313965,3.2589522191983633e-09
1637329036.471637,A,-1.7951332330703735,5.372504234313965,3.2589522191983633e-09
1637329037.499485,A,-9.191463470458984,6.394112586975098,1.4132522192442099e-12
1637329038.5272193,A,-9.366048812866211,5.982532501220703,1.4690778500918607e-15
1637329039.5548053,A,-5.159518241882324,2.120346784591675,9.834620913487873e-21
1637329040.5872142,A,-2.0034291744232178,3.477515459060669,2.613175950773499e-25
1637329041.6112435,A,-1.9356387853622437,3.352842092514038,0.18782678246498108
1637329042.6308026,A,-2.075026273727417,2.868908405303955,0.0014585396274924278
1637329043.654679,A,-1.8013676404953003,2.8824713230133057,0.00048414128832519054
1637329044.7249696,A,-1.8013676404953003,2.8824713230133057,0.00048414128832519054
1637329045.7860434,A,-2.2781505584716797,3.0425429344177246,0.09415669739246368
1637329046.8069925,A,-1.8215365409851074,2.129551649093628,0.14141641557216644
1637329047.83219,A,-1.3217185735702515,1.4176557064056396,0.00036636501317843795
1637329049.038,A,-1.9467626810073853,1.4135472774505615,0.046962935477495193
1637329050.1015718,A,-2.623340606689453,1.294187068939209,0.00024329914595000446
1637329051.1283662,A,-3.171818256378174,1.7712864875793457,0.00048410898307338357
1637329052.154079,A,-3.7066214084625244,1.9739018678665161,0.610252320766449
1637329053.1821628,A,-4.662614345550537,2.479172706604004,0.23602195084095
1637329054.2013447,A,-4.881299018859863,3.057262897491455,0.23600000143051147
1637329055.226809,A,-4.717329502105713,3.050894021987915,0.23600000143051147
1637329056.2694087,A,-4.718464374542236,3.5461463928222656,6.2356939452001825e-06
1637329057.3154423,A,-4.456463813781738,4.284400463104248,0.18879498541355133
1637329058.3420484,A,-4.406527519226074,4.646141529083252,0.235488623380661
1637329059.3596451,A,-3.987436056137085,5.493411540985107,0.0025421108584851027
1637329060.386091,A,-3.035552740097046,6.17880916595459,0.23345793783664703
1637329061.4601312,A,-2.0758557319641113,6.611355304718018,0.6562234163284302
1637329062.4840822,A,-1.447059988975525,6.8245625495910645,0.24057571589946747
1637329063.5238352,A,-1.4172043800354004,7.166721343994141,0.23604929447174072
1637329064.6326687,A,-0.16106127202510834,6.372338771820068,0.001209624228067696
1637329065.6590908,A,0.2792476415634155,5.659027576446533,3.214178789789912e-08
1637329066.6809692,A,0.678982675075531,4.88217306137085,0.23598341643810272
1637329067.7571702,A,0.981050431728363,4.617520809173584,2.7386140573071316e-05
1637329068.799103,A,1.0483777523040771,4.553699493408203,0.23345793783664703
1637329069.8268857,A,1.4314475059509277,4.001068115234375,0.1867799311876297
1637329070.8518777,A,0.9152770042419434,3.426819086074829,0.18678779900074005
1637329071.8732955,A,0.8974759578704834,2.486790657043457,0.14232736825942993
1637329072.9223955,A,1.1655433177947998,2.8876595497131348,0.09392403066158295
1637329073.9515104,A,1.1772187948226929,2.316673994064331,0.047443293035030365
1637329074.9813125,A,1.1772187948226929,2.316673994064331,0.047443293035030365
1637329076.0041497,A,1.1082924604415894,1.8765664100646973,0.09512738883495331
1637329077.0363936,A,0.9892044067382812,1.7738451957702637,0.7023701667785645
1637329078.0600424,A,1.2802717685699463,0.6177741885185242,1.168387770652771
1637329079.0779486,A,0.059287626296281815,1.117884874343872,0.621386706829071
1637329080.1012752,A,0.059287626296281815,1.117884874343872,0.621386706829071
1637329081.1252863,A,-0.30772262811660767,1.3333302736282349,0.09730200469493866
1637329082.1459684,A,-0.8280298709869385,1.6952892541885376,0.09488417953252792
1637329083.1706393,A,-0.9958599209785461,1.8750317096710205,0.2347859889268875
1637329084.203014,A,-1.1317198276519775,2.12294340133667,0.14135795831680298
1637329085.2272432,A,-1.4865977764129639,2.2960262298583984,0.18855544924736023
1637329086.2532716,A,-1.6294145584106445,2.8176422119140625,0.0004884921945631504
1637329087.2809083,A,-1.5555604696273804,3.017760992050171,0.649485170841217
1637329088.3027308,A,-1.8339871168136597,3.4574174880981445,0.8051820397377014
1637329089.3235526,A,-1.9699301719665527,4.023959636688232,0.7438341975212097
1637329090.3503523,A,-2.233639717102051,4.557440280914307,0.9405435919761658
1637329091.378967,A,-2.4526894092559814,5.249843120574951,0.6907861232757568
1637329092.4074137,A,-2.7546300888061523,5.907255172729492,0.6909869313240051
1637329093.4325147,A,-3.223876953125,6.396928787231445,0.9192963242530823
1637329094.4581294,A,-3.5347368717193604,6.938841342926025,0.689185380935669
1637329095.6331103,A,-2.8404147624969482,6.248795986175537,0.5985428690910339
1637329096.659081,A,-2.8404147624969482,6.248795986175537,0.5985428690910339
1637329097.6872447,A,-1.9931143522262573,5.4430694580078125,1.0519990921020508
1637329098.9747293,A,-1.3571463823318481,5.429971218109131,1.0528016090393066
1637329100.0801678,A,-1.3563950061798096,5.440155982971191,0.6946932673454285
1637329101.2094045,A,-1.3195016384124756,5.292232036590576,0.24356886744499207
1637329102.2340164,A,-0.7563523054122925,5.161008834838867,0.2360815405845642
1637329103.251405,A,-0.41210246086120605,5.6265692710876465,0.6562240123748779
1637329104.275777,A,0.6845912933349609,5.124744415283203,7.615553477080539e-05
1637329105.312001,A,1.0041991472244263,4.37339448928833,0.0005030027823522687
1637329106.3342087,A,0.8472526669502258,3.68253755569458,0.09992203861474991
1637329107.3699834,A,0.8733567595481873,3.480180263519287,0.007053511217236519
1637329108.3954005,A,0.8337695598602295,3.3438305854797363,0.04698141664266586
1637329109.4149733,A,0.8003929853439331,3.206005811691284,0.0005084461881779134
1637329110.4390302,A,0.7213144302368164,3.1274991035461426,0.6140318512916565
1637329111.458595,A,0.7028396725654602,2.4540703296661377,0.0015802409034222364
1637329112.523476,A,0.7690902352333069,1.7309190034866333,0.14258973300457
1637329113.5569324,A,0.6147626042366028,1.686334490776062,0.0015360767720267177
1637329114.5785913,A,0.6633904576301575,1.5621682405471802,0.607071578502655
1637329115.712063,A,1.1924848556518555,1.0746123790740967,0.6080663204193115
1637329116.747214,A,1.2371563911437988,0.8664761185646057,0.7004435062408447
1637329117.7785416,A,0.7917279005050659,0.8753799796104431,0.14088858664035797
1637329118.8098962,A,0.40358468890190125,0.5353175401687622,0.18855303525924683
1637329119.8335204,A,0.25389766693115234,1.1962475776672363,0.09389067441225052
1637329120.8581076,A,0.6286620497703552,1.8276373147964478,0.0004865973605774343
1637329121.8906837,A,0.43287718296051025,2.459789991378784,0.653641402721405
1637329122.914199,A,0.7564675807952881,2.9699008464813232,0.000990011845715344
1637329123.937124,A,2.0255134105682373,3.237828254699707,0.7086109519004822
1637329124.9625506,A,1.558222770690918,4.200753211975098,0.8950474858283997
1637329126.0830636,A,1.554551124572754,5.022895336151123,0.2420739233493805
1637329127.3319302,A,2.0968000888824463,6.098286151885986,0.656223714351654
1637329128.357313,A,2.316420316696167,6.727566719055176,0.7004491090774536
1637329129.376916,A,2.6466064453125,7.686308860778809,0.429156094789505
1637329130.4108999,A,2.3947627544403076,7.727285385131836,0.4248405694961548
1637329131.4359856,A,2.3318378925323486,7.624052047729492,0.23801861703395844
1637329132.4647636,A,1.694825291633606,7.886893272399902,0.23600023984909058
1637329133.4934645,A,0.9494946599006653,8.391392707824707,0.23600000143051147
1637329134.511787,A,0.5924849510192871,7.763333797454834,0.23600000143051147
1637329135.53617,A,0.08972891420125961,7.609819412231445,0.23600000143051147
1637329136.5716805,A,-0.538912832736969,6.16184663772583,0.3749910891056061
1637329137.6065156,A,-0.48058414459228516,5.493106842041016,0.4307149648666382
1637329138.6319308,A,-0.5034282803535461,4.838131427764893,0.7104493975639343
1637329139.6551988,A,-0.3173592984676361,4.473574638366699,0.0010849640239030123
1637329140.6792707,A,-0.8225327730178833,4.312445163726807,0.6487355828285217
1637329141.7130132,A,-0.7213507890701294,4.0908355712890625,0.18834592401981354
1637329142.7671266,A,-0.5114157199859619,4.12196683883667,0.0009654257446527481
1637329143.804224,A,-1.3965173959732056,7.94755744934082,0.09391342103481293
1637329144.8244762,A,-1.3965173959732056,7.94755744934082,0.09391342103481293
1637329145.8524814,A,-1.8060691356658936,10.258543014526367,0.00024330227461177856
1637329146.8845325,A,-1.1342946290969849,4.053197383880615,0.04715118929743767
1637329147.9147286,A,-0.8267954587936401,3.877795696258545,3.3482919548077916e-07
1637329148.9413812,A,-0.6885712146759033,3.857041120529175,0.6561963558197021
1637329149.9626596,A,-0.8143627643585205,3.8320231437683105,0.04723362997174263
1637329150.9881055,A,-1.131035566329956,3.750654697418213,1.255078586837044e-06
1637329152.01321,A,-0.8145236968994141,3.7839577198028564,0.04695670306682587
1637329153.0336514,A,-0.8145236968994141,3.7839577198028564,0.04695670306682587
1637329154.0567358,A,-0.7764957547187805,3.887791872024536,6.09831404290162e-05
1637329155.0794067,A,-1.2740963697433472,4.02952241897583,7.919901889863468e-08
1637329156.1011915,A,-1.2740963697433472,4.02952241897583,7.919901889863468e-08
1637329157.1217961,A,-1.2740963697433472,4.02952241897583,7.919901889863468e-08
1637329158.141674,A,-1.5563130378723145,3.756920576095581,0.047138702124357224
1637329159.1734684,A,-1.5563130378723145,3.756920576095581,0.047138702124357224
1637329160.1931593,A,-1.5563130378723145,3.756920576095581,0.047138702124357224
1637329161.2134705,A,-5.1635541915893555,3.2793190479278564,3.155650176722702e-07
1637329162.237711,A,-5.1635541915893555,3.2793190479278564,3.155650176722702e-07
1637329163.261182,A,-1.6439547538757324,3.611219644546509,0.0943182036280632
1637329164.2835853,A,-1.6439547538757324,3.611219644546509,0.0943182036280632
1637329165.3146813,A,-1.6608781814575195,3.496429681777954,0.04723500832915306
1637329166.343581,A,-1.6608781814575195,3.496429681777954,0.04723500832915306
1637329167.3675554,A,-1.6608781814575195,3.496429681777954,0.04723500832915306
1637329168.4312744,A,-1.6608781814575195,3.496429681777954,0.04723500832915306
1637329169.4575288,A,-1.3570729494094849,3.63234543800354,2.7303485694574192e-05
1637329170.480907,A,-1.3570729494094849,3.63234543800354,2.7303485694574192e-05
1637329171.5009325,A,-1.3570729494094849,3.63234543800354,2.7303485694574192e-05
1637329172.528481,A,-1.3570729494094849,3.63234543800354,2.7303485694574192e-05
1637329173.5525599,A,-1.3570729494094849,3.63234543800354,2.7303485694574192e-05
1637329174.579217,A,-1.3570729494094849,3.63234543800354,2.7303485694574192e-05
1637329175.6096973,A,-1.3570729494094849,3.63234543800354,2.7303485694574192e-05
1637329176.6328475,A,-1.6708998680114746,3.388188362121582,0.04718884080648422
1637329177.6517012,A,-1.6708998680114746,3.388188362121582,0.04718884080648422
1637329178.6714153,A,3.922257661819458,5.219360828399658,0.00012225095997564495
1637329179.6923568,A,3.922257661819458,5.219360828399658,0.00012225095997564495
1637329180.7198193,A,-6.132452964782715,9.303241729736328,1.375806135683888e-10
1637329181.742285,A,-0.8064930438995361,3.4472997188568115,0.8914596438407898
1637329182.769535,A,-0.8848726153373718,3.283287763595581,0.805293083190918
1637329183.7937706,A,-0.9776548743247986,3.2062313556671143,1.1721172332763672
1637329184.8162892,A,-1.0729445219039917,3.3194644451141357,1.1357609033584595
1637329185.839061,A,-0.790530800819397,3.162867307662964,1.8798437118530273
1637329186.8635736,A,-0.7898756265640259,2.7711496353149414,2.546494245529175
1637329187.8921206,A,-0.7877808213233948,3.1593613624572754,1.9826627969741821
1637329188.918196,A,-0.7878909111022949,3.16005802154541,1.9824000597000122
1637329189.9566753,A,-0.7878912091255188,3.1600592136383057,1.9823999404907227
1637329190.9847405,A,-0.7878912091255188,3.1600592136383057,1.9823999404907227
1637329192.0151155,A,-0.7883873581886292,3.147138833999634,1.899105191230774
1637329193.0417137,A,-0.7418919801712036,2.966717004776001,2.1308741569519043
1637329194.0632393,A,-0.7421920895576477,2.976545572280884,2.0297300815582275
1637329195.0814455,A,-0.5617846846580505,3.1589515209198,1.7003511190414429
1637329196.1074092,A,-0.80329829454422,3.0139410495758057,1.8377679586410522
1637329197.1361554,A,-0.5881660580635071,3.017700672149658,1.8809956312179565
1637329198.160179,A,-0.7561987042427063,2.825329065322876,1.9863089323043823
1637329199.181495,A,-0.9350941777229309,3.071413040161133,1.3209158182144165
1637329200.2045672,A,-0.732504665851593,3.1634292602539062,1.1023740768432617
1637329201.2251348,A,-0.7128946185112,3.076542377471924,1.281187891960144
1637329202.247915,A,-0.6385987401008606,3.002317190170288,1.2744735479354858
1637329203.2742226,A,-0.8928177356719971,2.934908628463745,1.3206064701080322
1637329204.3010643,A,-0.6429884433746338,3.0019378662109375,1.2685840129852295
1637329205.3220458,A,-0.8338130712509155,2.9050755500793457,1.6017061471939087
1637329206.3456078,A,-0.7021046280860901,2.8052237033843994,2.153139591217041
1637329207.3680665,A,-0.9310066103935242,2.7246062755584717,2.263171672821045
1637329208.387858,A,-0.7421594262123108,2.9764678478240967,2.029656410217285
1637329209.427945,A,-0.7422159910202026,2.976865768432617,2.029599905014038
1637329210.4557376,A,-0.7422163486480713,2.976867198944092,2.029599905014038
1637329211.482951,A,-0.7422163486480713,2.976867198944092,2.029599905014038
1637329212.5080972,A,-0.7422163486480713,2.976867198944092,2.029599905014038
1637329213.531684,A,-0.7422163486480713,2.976867198944092,2.029599905014038
1637329214.5549,A,-0.7422163486480713,2.976867198944092,2.029599905014038
1637329215.5882173,A,-0.7422163486480713,2.976867198944092,2.029599905014038
1637329216.8559744,A,-0.7422163486480713,2.976867198944092,2.029599905014038
1637329218.0679822,A,-0.7422163486480713,2.976867198944092,2.029599905014038
1637329219.1212075,A,-0.7422163486480713,2.976867198944092,2.029599905014038
1637329220.151832,A,-0.7422163486480713,2.976867198944092,2.029599905014038
1637329221.1748226,A,-0.7422163486480713,2.976867198944092,2.029599905014038
1637329222.204743,A,-0.7422163486480713,2.976867198944092,2.029599905014038
1637329223.230972,A,-0.8755582571029663,2.7079858779907227,2.35280704498291
1637329224.251574,A,-0.5084766149520874,3.154439687728882,1.8464958667755127
1637329225.2794805,A,-0.7606162428855896,2.831259250640869,1.9823360443115234
1637329226.3121495,A,-0.6868452429771423,2.7512872219085693,1.9804229736328125
1637329227.3354232,A,-0.6378393769264221,3.0006487369537354,1.2747207880020142
1637329228.3554554,A,-0.8968964219093323,2.9339652061462402,1.1829601526260376
1637329229.3887098,A,-0.8595114946365356,2.993104934692383,0.9952369332313538
1637329230.5666964,A,-0.8586719036102295,2.9945127964019775,0.7100552320480347
1637329231.5872548,A,-0.9377323985099792,3.067875623703003,0.7202136516571045
1637329232.6120334,A,-0.8335481286048889,3.0994327068328857,0.2411654144525528
1637329233.6335518,A,-0.17893287539482117,3.2043044567108154,0.04770108684897423
1637329234.6591346,A,-1.2695785760879517,2.475452184677124,0.1408713459968567
1637329235.6837091,A,-0.726904571056366,2.982837677001953,0.0007261603022925556
1637329236.7206392,A,-0.6691067218780518,3.759760856628418,1.8812694406733499e-06
1637329237.7636986,A,-0.9686150550842285,4.97761869430542,0.23447193205356598
1637329238.7895927,A,-0.5123691558837891,4.854996681213379,0.002542180474847555
1637329239.8116887,A,0.3568597137928009,4.0949931144714355,0.14208684861660004
1637329240.8407867,A,1.1403543949127197,3.797719955444336,0.0476863756775856
1637329241.8623896,A,0.9720527529716492,4.182442665100098,0.0001235414674738422
1637329242.8874483,A,0.44926828145980835,4.602155685424805,0.18782678246498108
1637329243.927445,A,1.1921038627624512,4.954483509063721,0.0004890934214927256
1637329244.9498365,A,0.4392099678516388,6.116036415100098,1.2996052234370836e-08
1637329245.971668,A,-0.6644494533538818,5.464137554168701,0.04694228619337082
1637329246.9988546,A,-0.6644494533538818,5.464137554168701,0.04694228619337082
1637329248.124176,A,-0.7342521548271179,5.092466354370117,4.178411643351865e-07
1637329249.1429381,A,-0.6168438792228699,5.060141086578369,0.0007261537830345333
1637329250.1624596,A,-0.7079343199729919,5.048201560974121,9.430631848772464e-07
1637329251.1823297,A,-0.6329128742218018,5.153143405914307,6.3132671833388e-12
1637329252.2069032,A,-0.700128972530365,5.050154685974121,3.254283303878898e-14
1637329253.2304866,A,-0.7026743292808533,5.001333236694336,3.382849082753193e-17
1637329254.2779245,A,-0.6927509307861328,4.929183006286621,1.889038382949423e-21
1637329255.314775,A,-0.6963049173355103,4.954466819763184,2.449826276610351e-24
1637329256.348906,A,-0.696354329586029,4.954818248748779,6.509480109836692e-29
1637329257.3727865,A,-0.6963542103767395,4.954817771911621,1.7296807951754703e-33
1637329258.3953366,A,-0.6963542103767395,4.954817771911621,1.7296807951754703e-33
1637329259.4136593,A,-0.6217224597930908,5.012355327606201,9.268167023567375e-39
1637329260.4394972,A,-0.6154972910881042,5.012753963470459,6.165713243029195e-44
1637329261.4712632,A,-0.6154895424842834,5.012754917144775,0
1637329262.4927578,A,-0.6211962103843689,5.059237003326416,0
1637329263.515325,A,-0.6211962103843689,5.059237003326416,0
1637329264.5411422,A,-0.7798838019371033,4.9898152351379395,0
1637329265.5629103,A,-1.1706302165985107,4.718760013580322,0.09427740424871445
1637329266.590939,A,-1.4551353454589844,4.884347915649414,0.00048660763422958553
1637329267.6154962,A,-1.5377838611602783,5.055591583251953,2.5083536456804723e-06
1637329268.6367147,A,-1.5850472450256348,5.189920902252197,1.2930001069832997e-08
1637329269.6615365,A,-2.1660428047180176,6.088412761688232,0.1912117302417755
1637329270.689239,A,-2.659259796142578,5.095371723175049,0.24102988839149475
1637329271.7087173,A,-4.170882701873779,7.884152889251709,0.14210966229438782
1637329272.7318275,A,-3.0713534355163574,3.833887815475464,3.7760971736133797e-06
1637329273.7728496,A,-2.7639260292053223,3.4134302139282227,2.1086792034719082e-10
1637329274.799745,A,-2.821958541870117,2.0597026348114014,0.6593514084815979
1637329275.830402,A,-2.725510835647583,1.068162202835083,0.001703270711004734
1637329276.8518927,A,-2.143969774246216,1.545464038848877,0.00024209654657170177
1637329277.8732886,A,-1.6383754014968872,1.2800153493881226,0.04719875380396843
1637329278.8994486,A,-1.218900442123413,1.254928469657898,0.0002432990149827674
1637329279.9182172,A,-0.35720402002334595,0.6713461875915527,0.7064467668533325
1637329280.9387503,A,0.36753275990486145,0.07418033480644226,0.19439300894737244
1637329281.9621878,A,1.163299322128296,0.1836414635181427,0.04872606694698334
1637329282.9933171,A,1.797230839729309,0.835574746131897,0.6074985265731812
1637329284.0239792,A,1.3994227647781372,1.5968222618103027,0.1892951875925064
1637329285.0513449,A,1.3082833290100098,1.7321417331695557,0.0009757743682712317
1637329286.0811956,A,0.31250566244125366,2.4815285205841064,0.09439875930547714
1637329287.112315,A,0.4775535464286804,3.361679792404175,0.7003730535507202
1637329288.1339946,A,0.8306434154510498,3.632108449935913,0.10092797130346298
1637329289.163193,A,1.2000067234039307,3.926393747329712,0.0002447250299155712
1637329290.1878965,A,1.117519497871399,4.146632194519043,0.04719875380396843
1637329291.2073739,A,1.4352236986160278,4.1976494789123535,0.00012227820116095245
1637329292.3033628,A,1.1978553533554077,4.46693229675293,0.00024205453519243747
1637329293.3244076,A,1.4720921516418457,4.5337653160095215,0.09488160163164139
1637329294.3465002,A,1.5718828439712524,4.649836540222168,2.5211672891600756e-06
1637329295.3740587,A,1.4497737884521484,4.739204406738281,0.09439749270677567
1637329296.3985977,A,1.4627630710601807,4.784267425537109,0.09439998865127563
1637329297.4370716,A,1.4903510808944702,4.874715805053711,0.23585280776023865
1637329298.4616528,A,1.7424269914627075,4.790172100067139,6.266881428018678e-06
1637329299.4849265,A,1.7756987810134888,4.878738880157471,8.138862028772564e-09
1637329300.5150015,A,1.6312392950057983,4.978320598602295,2.1625924792254003e-13
1637329301.5518014,A,1.6335618495941162,5.027523517608643,1.4477604594117484e-18
1637329302.5731509,A,1.6335618495941162,5.027523517608643,1.4477604594117484e-18
1637329303.6107535,A,1.6481726169586182,5.072553634643555,0.0007280157296918333
1637329304.6681845,A,1.6481730937957764,5.072555065155029,4.873647707626105e-09
1637329305.6868372,A,1.6337403059005737,5.028135299682617,2.5122563751533988e-11
1637329306.7112615,A,1.6772596836090088,5.162074565887451,1.6818450619642932e-16
1637329307.752027,A,1.677343487739563,5.162333011627197,8.669362569608216e-19
1637329308.775742,A,1.8373116254806519,5.654663562774658,0.2353885918855667
1637329309.7988873,A,1.0744907855987549,4.984416961669922,0.00024468734045512974
1637329310.8212912,A,0.09535627067089081,4.437291622161865,0.0007261603605002165
1637329311.8454776,A,-0.6591870188713074,3.8147737979888916,0.6607286930084229
1637329312.8759592,A,-1.1992089748382568,3.5314714908599854,0.6607992053031921
1637329314.124274,A,-1.875477910041809,3.3848843574523926,0.0007402629125863314
1637329315.1603475,A,-3.062511444091797,3.2083311080932617,0.6551674604415894
1637329316.181855,A,-2.219928026199341,3.627147912979126,0.1471325159072876
1637329317.2056847,A,-3.419727325439453,3.4016528129577637,0.00038009812124073505
1637329318.2320771,A,-2.643902063369751,2.796477794647217,0.094155453145504
1637329319.2719722,A,-1.8884809017181396,3.2155632972717285,0.04732165113091469
1637329320.3298762,A,-1.9183303117752075,3.142672300338745,0.1408713459968567
1637329321.354414,A,-1.6572366952896118,3.2891736030578613,0.04744454100728035
1637329322.3777585,A,-1.3982971906661987,3.319578170776367,1.2606830068762065e-06
1637329323.4025426,A,-1.7206346988677979,3.0936977863311768,0.00024205130466725677
1637329324.439573,A,-1.0125597715377808,3.391490936279297,1.2477203199523501e-06
1637329325.5029154,A,-1.2920759916305542,3.244381904602051,0.0009706876589916646
1637329326.537882,A,-1.5880626440048218,3.0048062801361084,0.09391339123249054
1637329327.5575843,A,-1.5688625574111938,2.9616825580596924,0.04695919156074524
1637329328.5864758,A,-1.6827352046966553,2.952324628829956,0.0001216575619764626
1637329329.6101363,A,-1.6260416507720947,2.9314277172088623,0.04695732519030571
1637329330.6305382,A,-4.217585563659668,-0.8250501155853271,0.14087072014808655
1637329331.7172809,A,-2.4192745685577393,2.6898252964019775,0.00018295021436642855
1637329332.743374,A,-3.618387222290039,-0.8109264969825745,0.09415591508150101
1637329333.77962,A,-3.212331771850586,-1.561383843421936,0.23563252389431
1637329334.8027556,A,-3.212331771850586,-1.561383843421936,0.23563252389431
1637329335.8210742,A,-3.212331771850586,-1.561383843421936,0.23563252389431
1637329336.8459134,A,-3.212331771850586,-1.561383843421936,0.23563252389431
1637329337.8730316,A,-3.212331771850586,-1.561383843421936,0.23563252389431
1637329338.910198,A,-3.077106237411499,-5.806090831756592,0.04727005213499069
1637329339.933956,A,-0.8846979141235352,1.3165477514266968,0.00012246139522176236
1637329340.9572356,A,-0.18269509077072144,1.6869897842407227,0.28174081444740295
1637329341.9776108,A,-0.5356030464172363,2.9706790447235107,1.5096547940629534e-06
1637329343.0026395,A,-0.6469531059265137,3.6689751148223877,0.6069527268409729
1637329344.0273929,A,-0.9829061031341553,4.276001930236816,0.7014493346214294
1637329345.049427,A,-1.2254287004470825,4.916443347930908,0.2405809611082077
1637329346.0714889,A,-1.2896995544433594,5.172818183898926,0.001233173767104745
1637329347.0952017,A,-1.4847079515457153,5.562169551849365,3.194793407601537e-06
1637329348.1130724,A,-0.7087691426277161,6.225766181945801,0.2404991239309311
1637329349.1394012,A,-0.003465584246441722,6.6903300285339355,0.23600000143051147
1637329350.1635861,A,0.23571139574050903,6.876308917999268,0.188805490732193
1637329351.181514,A,0.558596134185791,6.953041076660156,0.2354915887117386
1637329352.2035134,A,1.813815712928772,7.902514934539795,0.18728572130203247
1637329353.2219741,A,1.8764909505844116,7.016735076904297,0.235994353890419
1637329354.2425218,A,1.523359775543213,6.963451385498047,0.09512578696012497
1637329355.3262806,A,1.4823726415634155,6.971337795257568,0.09440002590417862
1637329356.4619899,A,1.1099492311477661,6.89741325378418,2.508370926079806e-06
1637329357.4879234,A,1.2208359241485596,6.926128387451172,1.679243896712812e-11
1637329358.5090137,A,0.6737421154975891,6.953575611114502,8.655954371241531e-14
1637329359.5342853,A,0.6137169599533081,7.005967140197754,0.1415962278842926
1637329360.5583053,A,0.6170395016670227,7.0527544021606445,0.14166098833084106
1637329361.5834372,A,0.6170628070831299,7.053055763244629,0.14160031080245972
1637329362.6087236,A,0.6170626878738403,7.053058624267578,0.14159999787807465
1637329363.6327584,A,0.6170626878738403,7.053058624267578,0.14159999787807465
1637329364.6545792,A,0.6088655591011047,6.959365367889404,0.0007299008429981768
1637329365.6782742,A,0.6211503744125366,7.099781513214111,0.14159905910491943
1637329366.8266232,A,0.6211764216423035,7.10007905960083,0.14159999787807465
1637329367.860713,A,0.6252544522285461,7.146690845489502,0.14159999787807465
1637329368.8798954,A,0.6252900958061218,7.147098064422607,0.14159999787807465
1637329369.9049706,A,0.6334815621376038,7.240726947784424,0.14159999787807465
1637329370.933202,A,0.637631356716156,7.288159370422363,0.14159999787807465
1637329371.956586,A,0.9607685804367065,7.299985408782959,0.0007299163262359798
1637329372.98036,A,1.024123191833496,7.29163122177124,4.8863713075775195e-09
1637329374.0038407,A,1.0246397256851196,7.291558742523193,2.518815017671372e-11
1637329375.0236912,A,0.5352418422698975,7.296478271484375,2.6183250378497384e-14
1637329376.0457869,A,0.5138624906539917,7.345246315002441,1.752816139021238e-19
1637329377.0884335,A,0.5136677026748657,7.345261096954346,9.035195280101554e-22
1637329378.114188,A,0.5169239640235901,7.392344951629639,2.4008066448491921e-26
1637329379.134589,A,0.5136404633522034,7.345400333404541,3.117951783397904e-29
1637329380.1625543,A,0.5103594064712524,7.298480033874512,1.607202409424488e-31
1637329381.19997,A,0.002221821341663599,7.269210338592529,8.611889795173935e-37
1637329382.2207184,A,0.22000804543495178,7.312458038330078,4.4392364635654826e-39
1637329383.2418282,A,0.25182798504829407,7.2172980308532715,2.942726775082116e-44
1637329384.26439,A,0.03017720952630043,7.221571922302246,0
1637329385.2859757,A,0.03017720952630043,7.221571922302246,0
1637329386.4433312,A,8.650743984617293e-05,7.174400806427002,0
1637329387.4785345,A,2.5527422167215263e-06,7.1743998527526855,0
1637329388.5040896,A,2.8959167508446626e-08,7.12720251083374,0
1637329389.5270305,A,1.2500550594651827e-10,7.174399375915527,0
1637329390.5525987,A,1.5119645119243685e-11,7.127551555633545,0
1637329391.5738184,A,0.11904100328683853,7.031933784484863,0
1637329392.6048822,A,0.12311821430921555,7.078580856323242,0
1637329393.6427102,A,0.041580673307180405,7.080021858215332,0
1637329394.6731327,A,0.0002043747081188485,7.032800674438477,0
1637329395.697711,A,2.6594279916025698e-05,7.079465389251709,0
1637329396.7243967,A,1.1235629671091374e-07,6.98568868637085,0
1637329397.764076,A,3.4986222807731338e-09,6.985599994659424,0
1637329398.7838411,A,3.185156652318888e-11,6.985599994659424,0
1637329399.8067713,A,2.990343866624001e-12,7.032394886016846,0
1637329400.833456,A,6.623610029730812e-15,7.032800197601318,0
1637329401.8860512,A,9.542901882662706e-16,7.032800197601318,0
1637329402.9148157,A,4.2993650691130494e-16,6.985601425170898,0
1637329404.16141,A,4.277489384459023e-16,6.985599994659424,0
1637329405.1944995,A,4.2774499444874165e-16,6.985599994659424,0
1637329406.2245293,A,4.277446238718272e-16,6.985599994659424,0
1637329407.2503915,A,0.11785848438739777,6.937485694885254,0
1637329408.2713027,A,0.1209292933344841,6.937346458435059,0
1637329409.292592,A,0.47989222407341003,6.8744707107543945,0
1637329410.3137617,A,0.4839911162853241,6.921496391296387,0
1637329411.3432858,A,0.48399826884269714,6.9214982986450195,0
1637329412.3679109,A,0.4807119071483612,6.874500751495361,0
1637329413.410573,A,0.4839880168437958,6.921350479125977,0
1637329414.431976,A,0.48072630167007446,6.874706745147705,0
1637329415.4539852,A,0.0011015168856829405,6.938745498657227,0
1637329416.4712334,A,8.655248166178353e-06,6.938399791717529,0
1637329417.49333,A,2.1599919364234665e-07,6.891287326812744,0
1637329418.5157416,A,1.8479147101402305e-08,6.891200542449951,0
1637329419.5352857,A,4.011767584799486e-10,6.844081401824951,0
1637329420.5597365,A,4.0637436991841636e-12,6.890855312347412,0
1637329421.584678,A,0.46271374821662903,6.828333377838135,0
1637329422.8683739,A,0.47395551204681396,6.780548095703125,0
1637329423.8985379,A,0.36852940917015076,6.786809921264648,0
1637329424.921201,A,0.3532847464084625,6.740348815917969,0
1637329425.9443586,A,0.3532505929470062,6.740349769592285,0
1637329427.0229187,A,0.16275258362293243,6.7005743980407715,0
1637329428.1169631,A,0.5788286328315735,6.630082130432129,0.1885548084974289
1637329429.1557586,A,0.5799110531806946,6.629887580871582,0.0009719385416246951
1637329430.178575,A,0.1268564760684967,6.606847763061523,1.0103366321345675e-06
1637329431.199261,A,0.5312273502349854,6.63364839553833,0.18782681226730347
1637329432.2256165,A,0.5794589519500732,6.629925727844238,0.18783177435398102
1637329433.276704,A,0.5759572982788086,6.583248138427734,0.0009731960017234087
1637329434.308364,A,0.571826159954071,6.536004066467285,1.2638993212021887e-06
1637329435.3330743,A,0.36782896518707275,6.550506114959717,6.514988992734061e-09
1637329436.36706,A,0.3448673188686371,6.551730155944824,1.6878436148726195e-11
1637329437.3883278,A,0.3384301960468292,6.4575395584106445,1.1299107172973066e-16
1637329438.4126122,A,0.3359552323818207,6.410406589508057,3.002366941896112e-21
1637329439.4406338,A,0.3408816456794739,6.5044097900390625,3.899204164862216e-24
1637329440.4616227,A,0.1179332435131073,6.558831214904785,1.0360649673096722e-28
1637329441.4834547,A,0.1179332435131073,6.558831214904785,1.0360649673096722e-28
1637329442.5060382,A,0.5707741975784302,6.535924911499023,0.2359992116689682
1637329443.5302355,A,0.5635711550712585,6.441994667053223,0.23600000143051147
1637329444.561726,A,0.563622772693634,6.4422407150268555,0.001216527190990746
1637329445.5827756,A,0.5635924935340881,6.441891670227051,0.23599843680858612
1637329446.6118793,A,0.5635924935340881,6.441891670227051,0.23599843680858612
1637329447.635484,A,0.3387143611907959,6.457374572753906,7.940247428450675e-07
1637329448.654725,A,0.030903780832886696,6.419484615325928,0.046956706792116165
1637329449.6805158,A,0.00026319565949961543,6.4191999435424805,1.2477203199523501e-06
1637329450.706012,A,0.11170491576194763,6.4182281494140625,8.352772466746483e-12
1637329451.7347999,A,0.11199598014354706,6.418222904205322,4.305667354229624e-14
1637329452.7668507,A,0.11120741814374924,6.371121406555176,4.475769738895006e-17
1637329453.931668,A,0.11120665073394775,6.371030330657959,2.3071101259869633e-19
1637329455.0418632,A,0.10956071317195892,6.276729106903076,1.5445086955723428e-24
1637329456.0680842,A,0.10955922305583954,6.276643753051758,4.103943655489102e-29
1637329457.0949123,A,0.10955922305583954,6.276643753051758,2.1154911037963186e-31
1637329458.12027,A,0.4307286739349365,6.262792587280273,2.1990670770603333e-34
1637329459.1429384,A,0.5397685170173645,6.301722526550293,0.2817401587963104
1637329460.165196,A,0.538896918296814,6.159966945648193,0.0003677849017549306
1637329461.1919625,A,0.538901150226593,6.159670829772949,9.772482378878067e-09
1637329462.2154074,A,0.5389013886451721,6.159670829772949,5.0374961146903985e-11
1637329463.2388775,A,0.5306909084320068,6.065825462341309,3.3723820054563957e-16
1637329464.2633317,A,0.5307072997093201,6.066012382507324,8.960820110805673e-21
1637329465.2965043,A,1.0526500940322876,5.997117519378662,2.381044015169934e-25
1637329466.3152223,A,1.2695761919021606,6.003117084503174,0.1885548084974289
1637329467.3476126,A,1.4264246225357056,5.91981840133667,5.010125732951565e-06
1637329468.385107,A,1.1107923984527588,6.034399509429932,2.5826077276747128e-08
1637329469.4090657,A,1.0588431358337402,5.996094226837158,2.6846379286293853e-11
1637329470.4293294,A,1.0572749376296997,5.995970726013184,7.133392785629313e-16
1637329471.4494593,A,1.0410332679748535,5.903979301452637,3.677104440880458e-18
1637329472.4699473,A,1.0409166812896729,5.903331756591797,2.46161063579995e-23
1637329473.553126,A,0.9311474561691284,5.874303817749023,6.540922721738136e-28
1637329474.5949576,A,0.9311474561691284,5.874303817749023,6.540922721738136e-28
1637329475.6285694,A,0.9451152682304382,5.9672160148620605,3.504829344498762e-33
1637329476.6538785,A,0.996674656867981,6.292756080627441,2.3463289638611557e-38
1637329477.6783938,A,0.9377352595329285,5.920627593994141,6.235778166245436e-43
1637329478.69881,A,0.9377307891845703,5.920598983764648,2.802596928649634e-45
1637329479.72266,A,1.143350601196289,5.884449005126953,0.00024393253261223435
1637329480.7485554,A,1.0420417785644531,5.950665473937988,6.4815779410309915e-09
1637329481.7885447,A,1.0407716035842896,5.9034552574157715,8.417690156026225e-12
1637329482.904774,A,1.040915846824646,5.903331756591797,2.236680494475626e-16
1637329483.9304361,A,1.0409166812896729,5.903331756591797,5.943244233579487e-21
1637329484.948511,A,1.0409166812896729,5.903331756591797,3.0636094830080104e-23
1637329485.9713738,A,0.93241947889328,5.873717784881592,3.1846425677337043e-26
1637329486.9946094,A,1.2003040313720703,5.776633262634277,0.23478347063064575
1637329488.0190415,A,0.7158979773521423,5.808853626251221,6.238600235519698e-06
1637329489.0448349,A,0.7075275778770447,5.762325763702393,4.17638527927533e-11
1637329490.0671477,A,0.7018123269081116,5.715801239013672,2.1528331688950436e-13
1637329491.091841,A,0.887213408946991,5.642025947570801,5.577362556578825e-16
1637329492.121696,A,0.8934213519096375,5.6408867835998535,3.7337119354085875e-21
1637329493.1525965,A,0.8934280276298523,5.640885829925537,1.9246450083017666e-23
1637329494.33617,A,0.863953173160553,5.4547858238220215,1.288465068017668e-28
1637329495.7050495,A,0.783065915107727,4.944083213806152,3.4236052562508344e-33
1637329496.7283466,A,0.7288821339607239,4.1385297775268555,0.23575468361377716
1637329497.7509563,A,0.38846513628959656,3.710278272628784,0.18807509541511536
1637329498.7710521,A,0.8184447288513184,2.8605451583862305,0.09391342103481293
1637329499.8349388,A,1.2477824687957764,2.1712558269500732,0.14087258279323578
1637329500.87852,A,0.8479313850402832,1.8974288702011108,0.0004878457693848759
1637329501.9040844,A,0.8479313850402832,1.8974288702011108,0.0004878457693848759
1637329502.926604,A,1.2013431787490845,0.7507073879241943,0.000242051319219172
1637329503.9579256,A,1.2860857248306274,0.46811172366142273,0.04719875380396843
1637329504.9795072,A,1.3871467113494873,-0.28366324305534363,0.23526883125305176
1637329506.0092633,A,1.3329839706420898,-0.47698575258255005,0.18903954327106476
1637329507.033101,A,1.3329839706420898,-0.47698575258255005,0.18903954327106476
1637329508.0561893,A,1.3329839706420898,-0.47698575258255005,0.18903954327106476
1637329509.0758266,A,1.3329839706420898,-0.47698575258255005,0.18903954327106476
1637329510.1009367,A,1.3329839706420898,-0.47698575258255005,0.18903954327106476
1637329511.12055,A,1.3329839706420898,-0.47698575258255005,0.18903954327106476
1637329512.1677048,A,1.3329839706420898,-0.47698575258255005,0.18903954327106476
1637329513.2097242,A,1.3329839706420898,-0.47698575258255005,0.18903954327106476
1637329514.2376168,A,1.3329839706420898,-0.47698575258255005,0.18903954327106476
1637329515.2675142,A,1.3329839706420898,-0.47698575258255005,0.18903954327106476
1637329516.2862108,A,1.3329839706420898,-0.47698575258255005,0.18903954327106476
1637329517.3092587,A,1.3329839706420898,-0.47698575258255005,0.18903954327106476
1637329518.374523,A,1.3329839706420898,-0.47698575258255005,0.18903954327106476
1637329519.4204934,A,1.3329839706420898,-0.47698575258255005,0.18903954327106476
1637329520.44254,A,1.3329839706420898,-0.47698575258255005,0.18903954327106476
1637329521.4657524,A,1.3329839706420898,-0.47698575258255005,0.18903954327106476
1637329522.4866626,A,1.3329839706420898,-0.47698575258255005,0.18903954327106476
1637329523.5095673,A,1.3329839706420898,-0.47698575258255005,0.18903954327106476
1637329524.7114675,A,1.3329839706420898,-0.47698575258255005,0.18903954327106476
1637329525.837441,A,1.3329839706420898,-0.47698575258255005,0.18903954327106476
1637329526.9503489,A,1.3329839706420898,-0.47698575258255005,0.18903954327106476
1637329527.9773264,A,1.3329839706420898,-0.47698575258255005,0.18903954327106476
1637329528.9969578,A,1.3329839706420898,-0.47698575258255005,0.18903954327106476
1637329530.1272585,A,1.3329839706420898,-0.47698575258255005,0.18903954327106476
1637329531.1531312,A,1.3329839706420898,-0.47698575258255005,0.18903954327106476
1637329532.1711266,A,1.3329839706420898,-0.47698575258255005,0.18903954327106476
1637329533.1935933,A,1.3329839706420898,-0.47698575258255005,0.18903954327106476
1637329534.2525887,A,1.3329839706420898,-0.47698575258255005,0.18903954327106476
1637329535.2902336,A,1.3329839706420898,-0.47698575258255005,0.18903954327106476
1637329536.3130093,A,1.3329839706420898,-0.47698575258255005,0.18903954327106476
1637329537.4481125,A,1.3329839706420898,-0.47698575258255005,0.18903954327106476
1637329538.60212,A,1.3329839706420898,-0.47698575258255005,0.18903954327106476
1637329539.6269379,A,1.3329839706420898,-0.47698575258255005,0.18903954327106476
1637329540.6513972,A,1.3329839706420898,-0.47698575258255005,0.18903954327106476
1637329541.6706939,A,1.3329839706420898,-0.47698575258255005,0.18903954327106476
1637329542.7075033,A,1.3329839706420898,-0.47698575258255005,0.18903954327106476
1637329543.7653213,A,1.3329839706420898,-0.47698575258255005,0.18903954327106476
1637329544.7898145,A,1.3329839706420898,-0.47698575258255005,0.18903954327106476
1637329545.8171167,A,1.3329839706420898,-0.47698575258255005,0.18903954327106476
1637329546.8441231,A,1.3329839706420898,-0.47698575258255005,0.18903954327106476
1637329547.864882,A,1.3329839706420898,-0.47698575258255005,0.18903954327106476
1637329548.8879604,A,1.3329839706420898,-0.47698575258255005,0.18903954327106476
1637329549.913312,A,1.3329839706420898,-0.47698575258255005,0.18903954327106476
1637329550.9401462,A,1.3329839706420898,-0.47698575258255005,0.18903954327106476
1637329551.9597745,A,1.3329839706420898,-0.47698575258255005,0.18903954327106476
1637329552.9926825,A,1.3329839706420898,-0.47698575258255005,0.18903954327106476
1637329554.0157113,A,1.3329839706420898,-0.47698575258255005,0.18903954327106476
1637329555.0640113,A,1.3329839706420898,-0.47698575258255005,0.18903954327106476
1637329556.1008258,A,1.3329839706420898,-0.47698575258255005,0.18903954327106476
1637329557.1267302,A,1.3329839706420898,-0.47698575258255005,0.18903954327106476
1637329558.1525424,A,1.3329839706420898,-0.47698575258255005,0.18903954327106476
1637329559.1746683,A,1.3329839706420898,-0.47698575258255005,0.18903954327106476
1637329560.206292,A,1.3329839706420898,-0.47698575258255005,0.18903954327106476
1637329561.2353528,A,1.3329839706420898,-0.47698575258255005,0.18903954327106476
1637329562.2723017,A,1.3329839706420898,-0.47698575258255005,0.18903954327106476
1637329563.294117,A,1.3329839706420898,-0.47698575258255005,0.18903954327106476
1637329564.3233795,A,1.3329839706420898,-0.47698575258255005,0.18903954327106476
1637329565.3499177,A,1.3329839706420898,-0.47698575258255005,0.18903954327106476
1637329566.3925195,A,1.3329839706420898,-0.47698575258255005,0.18903954327106476
1637329567.455551,A,1.3329839706420898,-0.47698575258255005,0.18903954327106476
1637329568.479122,A,1.3329839706420898,-0.47698575258255005,0.18903954327106476
1637329569.50212,A,1.3329839706420898,-0.47698575258255005,0.18903954327106476
1637329570.5273762,A,1.3329839706420898,-0.47698575258255005,0.18903954327106476
1637329571.549925,A,1.3329839706420898,-0.47698575258255005,0.18903954327106476
1637329581.8810868,A,1.3329839706420898,-0.47698575258255005,0.18903954327106476
1637329582.928984,A,1.3329839706420898,-0.47698575258255005,0.18903954327106476
1637329583.9617283,A,1.3329839706420898,-0.47698575258255005,0.18903954327106476
1637329584.9952965,A,1.3329839706420898,-0.47698575258255005,0.18903954327106476
1637329586.0250392,A,1.3329839706420898,-0.47698575258255005,0.18903954327106476
1637329587.0530818,A,1.3329839706420898,-0.47698575258255005,0.18903954327106476
1637329588.0741873,A,1.3329839706420898,-0.47698575258255005,0.18903954327106476
1637329589.1018314,A,1.3329839706420898,-0.47698575258255005,0.18903954327106476
1637329590.1229722,A,1.3329839706420898,-0.47698575258255005,0.18903954327106476
1637329591.143056,A,1.3329839706420898,-0.47698575258255005,0.18903954327106476
1637329592.161549,A,1.3329839706420898,-0.47698575258255005,0.18903954327106476
1637329593.1821275,A,1.3329839706420898,-0.47698575258255005,0.18903954327106476
1637329594.2023332,A,1.3329839706420898,-0.47698575258255005,0.18903954327106476
1637329595.2320433,A,1.3329839706420898,-0.47698575258255005,0.18903954327106476
1637329596.268655,A,1.3329839706420898,-0.47698575258255005,0.18903954327106476
1637329597.4691284,A,1.3329839706420898,-0.47698575258255005,0.18903954327106476
1637329598.5131214,A,1.3329839706420898,-0.47698575258255005,0.18903954327106476
1637329599.539573,A,1.3329839706420898,-0.47698575258255005,0.18903954327106476
1637329600.5623527,A,1.3329839706420898,-0.47698575258255005,0.18903954327106476
1637329601.5857527,A,1.3329839706420898,-0.47698575258255005,0.18903954327106476
1637329602.6179962,A,1.3329839706420898,-0.47698575258255005,0.18903954327106476
1637329603.6402256,A,1.3329839706420898,-0.47698575258255005,0.18903954327106476
1637329604.6699917,A,1.3329839706420898,-0.47698575258255005,0.18903954327106476
1637329605.6955595,A,1.3329839706420898,-0.47698575258255005,0.18903954327106476
1637329606.7273946,A,1.3329839706420898,-0.47698575258255005,0.18903954327106476
1637329607.7687016,A,1.3329839706420898,-0.47698575258255005,0.18903954327106476
1637329608.7953556,A,1.3329839706420898,-0.47698575258255005,0.18903954327106476
1637329609.8381588,A,1.3329839706420898,-0.47698575258255005,0.18903954327106476
1637329610.8575034,A,1.3329839706420898,-0.47698575258255005,0.18903954327106476
1637329611.881094,A,1.3329839706420898,-0.47698575258255005,0.18903954327106476
1637329612.904248,A,1.3329839706420898,-0.47698575258255005,0.18903954327106476
1637329613.9281385,A,1.3329839706420898,-0.47698575258255005,0.18903954327106476
1637329615.1005569,A,1.3329839706420898,-0.47698575258255005,0.18903954327106476
1637329616.1257544,A,1.3329839706420898,-0.47698575258255005,0.18903954327106476
1637329617.1516466,A,1.3329839706420898,-0.47698575258255005,0.18903954327106476
1637329618.191016,A,1.3329839706420898,-0.47698575258255005,0.18903954327106476
1637329619.208699,A,1.3329839706420898,-0.47698575258255005,0.18903954327106476
1637329620.2336006,A,1.3329839706420898,-0.47698575258255005,0.18903954327106476
1637329621.2597535,A,1.3329839706420898,-0.47698575258255005,0.18903954327106476
1637329622.2803109,A,1.3329839706420898,-0.47698575258255005,0.18903954327106476
1637329623.3071332,A,1.3329839706420898,-0.47698575258255005,0.18903954327106476
1637329624.329351,A,1.3329839706420898,-0.47698575258255005,0.18903954327106476
1637329625.3508534,A,1.3329839706420898,-0.47698575258255005,0.18903954327106476
1637329626.3766332,A,1.3329839706420898,-0.47698575258255005,0.18903954327106476
1637329627.4079502,A,1.3329839706420898,-0.47698575258255005,0.18903954327106476
1637329628.4273098,A,1.3329839706420898,-0.47698575258255005,0.18903954327106476
1637329629.4513943,A,1.3329839706420898,-0.47698575258255005,0.18903954327106476
1637329630.4765282,A,1.3329839706420898,-0.47698575258255005,0.18903954327106476
1637329631.499243,A,1.3329839706420898,-0.47698575258255005,0.18903954327106476
1637329632.5338702,A,1.3329839706420898,-0.47698575258255005,0.18903954327106476
1637329633.562454,A,1.3329839706420898,-0.47698575258255005,0.18903954327106476
1637329634.5859396,A,1.3329839706420898,-0.47698575258255005,0.18903954327106476
1637329635.608668,A,1.3329839706420898,-0.47698575258255005,0.18903954327106476
1637329636.6380157,A,1.3329839706420898,-0.47698575258255005,0.18903954327106476
1637329637.6601417,A,1.3329839706420898,-0.47698575258255005,0.18903954327106476
1637329638.7519958,A,1.3329839706420898,-0.47698575258255005,0.18903954327106476
1637329639.80308,A,1.3329839706420898,-0.47698575258255005,0.18903954327106476
1637329640.8654554,A,1.3329839706420898,-0.47698575258255005,0.18903954327106476
1637329641.9252834,A,1.3329839706420898,-0.47698575258255005,0.18903954327106476
1637329642.9489713,A,1.3329839706420898,-0.47698575258255005,0.18903954327106476
1637329643.9752607,A,1.3329839706420898,-0.47698575258255005,0.18903954327106476
1637329644.9970396,A,1.3329839706420898,-0.47698575258255005,0.18903954327106476
1637329646.02161,A,1.3329839706420898,-0.47698575258255005,0.18903954327106476
1637329647.0443873,A,1.3329839706420898,-0.47698575258255005,0.18903954327106476
1637329648.069034,A,1.3329839706420898,-0.47698575258255005,0.18903954327106476
1637329649.093597,A,1.3329839706420898,-0.47698575258255005,0.18903954327106476
1637329650.1236293,A,1.3329839706420898,-0.47698575258255005,0.18903954327106476
1637329651.1429172,A,1.3329839706420898,-0.47698575258255005,0.18903954327106476
1637329652.1733599,A,1.3329839706420898,-0.47698575258255005,0.18903954327106476
1637329653.194576,A,1.3329839706420898,-0.47698575258255005,0.18903954327106476
1637329654.2147632,A,1.3329839706420898,-0.47698575258255005,0.18903954327106476
1637329655.2367494,A,1.3329839706420898,-0.47698575258255005,0.18903954327106476
1637329656.2632976,A,1.3329839706420898,-0.47698575258255005,0.18903954327106476
1637329657.2877636,A,1.3329839706420898,-0.47698575258255005,0.18903954327106476
1637329658.3088741,A,1.3329839706420898,-0.47698575258255005,0.18903954327106476
1637329659.3360996,A,1.3329839706420898,-0.47698575258255005,0.18903954327106476
1637329660.3565693,A,1.3329839706420898,-0.47698575258255005,0.18903954327106476
1637329661.3823838,A,1.3329839706420898,-0.47698575258255005,0.18903954327106476
1637329662.4045596,A,1.3329839706420898,-0.47698575258255005,0.18903954327106476
