1637328581.1881185,G,36.59737777709961,-4.511828899383545
1637328582.2136486,G,36.59737777709961,-4.511828899383545
1637328583.239118,G,36.59737777709961,-4.511828899383545
1637328584.2647328,G,36.59737777709961,-4.511828899383545
1637328585.3687782,G,36.59737777709961,-4.511828899383545
1637328586.392028,G,36.59737777709961,-4.511828899383545
1637328587.4130843,G,36.59737777709961,-4.511828899383545
1637328588.4538608,G,36.59737777709961,-4.511828899383545
1637328589.476576,G,36.59737777709961,-4.511828899383545
1637328590.500084,G,36.59737777709961,-4.511828899383545
1637328591.5938628,G,36.59737777709961,-4.511828899383545
1637328592.6233926,G,36.59737777709961,-4.511828899383545
1637328593.6493216,G,36.59737777709961,-4.511828899383545
1637328594.6813297,G,36.59737777709961,-4.511828899383545
1637328595.7046273,G,36.59737777709961,-4.511828899383545
1637328596.73486,G,36.59737777709961,-4.511828899383545
1637328597.793554,G,36.59737777709961,-4.511828899383545
1637328598.8184164,G,36.59737777709961,-4.511828899383545
1637328599.8414137,G,36.59737777709961,-4.511828899383545
1637328600.8813143,G,36.59737777709961,-4.511828899383545
1637328601.9066498,G,36.59737777709961,-4.511828899383545
1637328603.149283,G,36.59737777709961,-4.511828899383545
1637328604.2300239,G,36.59737777709961,-4.511828899383545
1637328605.2487662,G,36.59737777709961,-4.511828899383545
1637328606.2691498,G,36.59737777709961,-4.511828899383545
1637328607.2877834,G,36.59737777709961,-4.511828899383545
1637328608.3093944,G,36.59737777709961,-4.511828899383545
1637328609.539386,G,36.59737777709961,-4.511828899383545
1637328610.5578628,G,36.59737777709961,-4.511828899383545
1637328611.581655,G,36.59737777709961,-4.511828899383545
1637328612.6078296,G,36.59737777709961,-4.511828899383545
1637328613.6307745,G,36.59737777709961,-4.511828899383545
1637328614.6857188,G,36.59737777709961,-4.511828899383545
1637328615.7098055,G,36.59737777709961,-4.511828899383545
1637328616.734113,G,36.59737777709961,-4.511828899383545
1637328617.7674165,G,36.59737777709961,-4.511828899383545
1637328618.7908406,G,36.59737777709961,-4.511828899383545
1637328619.8148892,G,36.59737777709961,-4.511828899383545
1637328620.8390932,G,36.59737777709961,-4.511828899383545
1637328621.8627946,G,36.59737777709961,-4.511828899383545
1637328622.8940449,G,36.59737777709961,-4.511828899383545
1637328623.9160218,G,36.59737777709961,-4.511828899383545
1637328624.9411523,G,36.59737777709961,-4.511828899383545
1637328626.0433717,G,36.59737777709961,-4.511828899383545
1637328627.0672839,G,36.59737777709961,-4.511828899383545
1637328628.0924156,G,36.59737777709961,-4.511828899383545
1637328629.116651,G,36.59737777709961,-4.511828899383545
1637328630.1518672,G,36.59737777709961,-4.511828899383545
1637328631.1805005,G,36.59737777709961,-4.511828899383545
1637328632.2155247,G,36.59737777709961,-4.511828899383545
1637328633.249018,G,36.59737777709961,-4.511828899383545
1637328634.272267,G,36.59737777709961,-4.511828899383545
1637328635.303251,G,36.59737777709961,-4.511828899383545
1637328636.330248,G,36.59737777709961,-4.511828899383545
1637328637.34719,G,36.59737777709961,-4.511828899383545
1637328638.3652456,G,36.59737777709961,-4.511828899383545
1637328639.3869832,G,36.59737777709961,-4.511828899383545
1637328640.4135695,G,36.59737777709961,-4.511828899383545
1637328641.435236,G,36.59737777709961,-4.511828899383545
1637328642.4587495,G,36.59737777709961,-4.511828899383545
1637328643.4867928,G,36.59737777709961,-4.511828899383545
1637328644.52537,G,36.59737777709961,-4.511828899383545
1637328645.552098,G,36.59737777709961,-4.511828899383545
1637328646.5720682,G,36.59737777709961,-4.511828899383545
1637328647.5948248,G,36.59737777709961,-4.511828899383545
1637328648.6183703,G,36.59737777709961,-4.511828899383545
1637328649.639759,G,36.59737777709961,-4.511828899383545
1637328650.6641622,G,36.59737777709961,-4.511828899383545
1637328651.6833766,G,36.59737777709961,-4.511828899383545
1637328652.7296474,G,36.59737777709961,-4.511828899383545
1637328653.7525458,G,36.59737777709961,-4.511828899383545
1637328654.7756865,G,36.59737777709961,-4.511828899383545
1637328655.8009012,G,36.59737777709961,-4.511828899383545
1637328656.842598,G,36.59737777709961,-4.511828899383545
1637328657.8643835,G,36.59737777709961,-4.511828899383545
1637328658.890617,G,36.59737777709961,-4.511828899383545
1637328659.9157896,G,36.59737777709961,-4.511828899383545
1637328660.9456677,G,36.59737777709961,-4.511828899383545
1637328661.9843872,G,36.59737777709961,-4.511828899383545
1637328663.0121174,G,36.59737777709961,-4.511828899383545
1637328664.0380182,G,36.59737777709961,-4.511828899383545
1637328665.074281,G,36.59737777709961,-4.511828899383545
1637328666.101546,G,36.59737777709961,-4.511828899383545
1637328667.125643,G,36.59737777709961,-4.511828899383545
1637328668.152644,G,36.59737777709961,-4.511828899383545
1637328669.1745257,G,36.59737777709961,-4.511828899383545
1637328670.1986868,G,36.59737777709961,-4.511828899383545
1637328671.218448,G,36.59737777709961,-4.511828899383545
1637328672.2403116,G,36.59737777709961,-4.511828899383545
1637328673.2629504,G,36.59737777709961,-4.511828899383545
1637328674.3135786,G,36.59737777709961,-4.511828899383545
1637328675.3337767,G,36.59737777709961,-4.511828899383545
1637328676.4019,G,36.59737777709961,-4.511828899383545
1637328677.4260278,G,36.59737777709961,-4.511828899383545
1637328678.456276,G,36.59737777709961,-4.511828899383545
1637328679.4799504,G,36.59737777709961,-4.511828899383545
1637328680.5132275,G,36.59737777709961,-4.511828899383545
1637328681.5373354,G,36.59737777709961,-4.511828899383545
1637328682.5600057,G,36.59737777709961,-4.511828899383545
1637328683.5804482,G,36.59737777709961,-4.511828899383545
1637328684.6059005,G,36.59737777709961,-4.511828899383545
1637328685.628792,G,36.59737777709961,-4.511828899383545
1637328686.647273,G,36.59737777709961,-4.511828899383545
1637328687.670908,G,36.59737777709961,-4.511828899383545
1637328688.6903396,G,36.59737777709961,-4.511828899383545
1637328689.725921,G,36.59737777709961,-4.511828899383545
1637328690.7482631,G,36.59737777709961,-4.511828899383545
1637328691.782897,G,36.59737777709961,-4.511828899383545
1637328692.8034842,G,36.59737777709961,-4.511828899383545
1637328693.8466225,G,36.59737777709961,-4.511828899383545
1637328694.8720288,G,36.59737777709961,-4.511828899383545
1637328695.8935583,G,36.59737777709961,-4.511828899383545
1637328696.9186373,G,36.59737777709961,-4.511828899383545
1637328697.955623,G,36.59737777709961,-4.511828899383545
1637328698.9818408,G,36.59737777709961,-4.511828899383545
1637328700.007359,G,36.59737777709961,-4.511828899383545
1637328701.040394,G,36.59737777709961,-4.511828899383545
1637328702.0620482,G,36.59737777709961,-4.511828899383545
1637328703.1118753,G,36.59737777709961,-4.511828899383545
1637328704.1351347,G,36.59737777709961,-4.511828899383545
1637328705.1561332,G,36.59737777709961,-4.511828899383545
1637328706.1767673,G,36.59737777709961,-4.511828899383545
1637328707.203928,G,36.59737777709961,-4.511828899383545
1637328708.232003,G,36.59737777709961,-4.511828899383545
1637328709.257158,G,36.59737777709961,-4.511828899383545
1637328710.3965437,G,36.59737777709961,-4.511828899383545
1637328711.428805,G,36.59737777709961,-4.511828899383545
1637328712.4515991,G,36.59737777709961,-4.511828899383545
1637328713.4751306,G,36.59737777709961,-4.511828899383545
1637328714.4957926,G,36.59737777709961,-4.511828899383545
1637328715.5196986,G,36.59737777709961,-4.511828899383545
1637328716.549998,G,36.59737777709961,-4.511828899383545
1637328717.5719008,G,36.59737777709961,-4.511828899383545
1637328718.6095939,G,36.59737777709961,-4.511828899383545
1637328719.63245,G,36.59737777709961,-4.511828899383545
1637328720.6568873,G,36.59737777709961,-4.511828899383545
1637328721.6746926,G,36.59737777709961,-4.511828899383545
1637328722.6969893,G,36.59737777709961,-4.511828899383545
1637328723.7195377,G,36.59737777709961,-4.511828899383545
1637328724.745145,G,36.59737777709961,-4.511828899383545
1637328725.7733147,G,36.59737777709961,-4.511828899383545
1637328726.8055637,G,36.59737777709961,-4.511828899383545
1637328727.8344357,G,36.59737777709961,-4.511828899383545
1637328728.854638,G,36.59737777709961,-4.511828899383545
1637328729.8825378,G,36.59737777709961,-4.511828899383545
1637328730.9069302,G,36.59737777709961,-4.511828899383545
1637328731.930402,G,36.59738540649414,-4.5118632316589355,0.09439980983734131
1637328732.9634492,G,36.59738540649414,-4.511863708496094,0.14087258279323578
1637328733.992509,G,36.59738540649414,-4.511863708496094,0.0009719482623040676
1637328735.0144773,G,36.597389221191406,-4.511864185333252,0.0471399649977684
1637328736.0383003,G,36.597389221191406,-4.51186466217041,0.09415639191865921
1637328737.0622723,G,36.597389221191406,-4.511864185333252,0.14151790738105774
1637328738.0868566,G,36.597389221191406,-4.511865139007568,0.18831464648246765
1637328739.112202,G,36.597389221191406,-4.51186466217041,0.18807384371757507
1637328740.133984,G,36.597389221191406,-4.511864185333252,0.1878317892551422
1637328741.1572804,G,36.59739685058594,-4.511861324310303,0.0004890935379080474
1637328742.199936,G,36.59739685058594,-4.511861324310303,0.0004890935379080474
1637328743.219875,G,36.59739685058594,-4.511871814727783,0.04792889207601547
1637328744.2497811,G,36.59739685058594,-4.511874198913574,0.23526884615421295
1637328745.2695584,G,36.59739685058594,-4.511875152587891,3.222507061195756e-08
1637328746.288993,G,36.59739685058594,-4.511877059936523,8.562755539343048e-13
1637328747.316401,G,36.59739685058594,-4.511876583099365,0.09391339123249054
1637328748.3761737,G,36.59739685058594,-4.511876583099365,6.286963412094337e-07
1637328749.3973289,G,36.59739685058594,-4.511876583099365,0.0014523075660690665
1637328750.4318042,G,36.59739685058594,-4.511876106262207,3.8590307838148874e-08
1637328751.4773176,G,36.59739685058594,-4.511875629425049,1.0254107675813917e-12
1637328752.5028853,G,36.59739685058594,-4.511875152587891,0.1408700793981552
1637328753.5279894,G,36.5974006652832,-4.511874675750732,0.14159810543060303
1637328754.5557716,G,36.5974006652832,-4.511876106262207,0.0002458137460052967
1637328755.574857,G,36.5974006652832,-4.511877536773682,0.04816696047782898
1637328756.598884,G,36.59740447998047,-4.51187801361084,0.00024333114561159164
1637328757.6192486,G,36.597412109375,-4.51187801361084,0.04744080454111099
1637328758.6409876,G,36.597415924072266,-4.51187801361084,0.1880713254213333
1637328759.6765904,G,36.59742736816406,-4.511877536773682,0.6547691822052002
1637328760.7052364,G,36.59743118286133,-4.5118794441223145,0.7029638886451721
1637328761.7288117,G,36.597434997558594,-4.511878967285156,0.0505613274872303
1637328762.7534509,G,36.59743881225586,-4.5118794441223145,1.3435011396722985e-06
1637328763.7768018,G,36.597442626953125,-4.511881351470947,1.7448184008728163e-09
1637328764.9881718,G,36.597442626953125,-4.511881351470947,1.7448184008728163e-09
1637328766.011899,G,36.59745407104492,-4.51188325881958,0.2356114238500595
1637328767.0352716,G,36.59745788574219,-4.511880874633789,0.24102990329265594
1637328768.060687,G,36.59745788574219,-4.511878490447998,0.23600058257579803
1637328769.0894175,G,36.59745788574219,-4.511878490447998,0.00024829397443681955
1637328770.1291363,G,36.59745407104492,-4.511878967285156,1.2798999478036421e-06
1637328771.1559114,G,36.597450256347656,-4.511882305145264,1.3304645163358941e-09
1637328772.1893694,G,36.597450256347656,-4.511882305145264,1.3304645163358941e-09
1637328773.2142138,G,36.597450256347656,-4.511882305145264,1.3304645163358941e-09
1637328774.2363863,G,36.597450256347656,-4.511882305145264,1.3304645163358941e-09
1637328775.2584293,G,36.597450256347656,-4.511882305145264,1.3304645163358941e-09
1637328776.2820294,G,36.597503662109375,-4.511869430541992,4.945966596350826e-13
1637328777.3159924,G,36.59750747680664,-4.5118632316589355,6.423336712649058e-16
1637328778.3394234,G,36.597511291503906,-4.51185941696167,3.311020564748936e-18
1637328779.3623283,G,36.597511291503906,-4.5118536949157715,0.00018294938490726054
1637328780.3871655,G,36.597511291503906,-4.511847496032715,4.861183011684034e-09
1637328781.4149745,G,36.597511291503906,-4.511847496032715,4.861183011684034e-09
1637328782.444193,G,36.597511291503906,-4.511841773986816,2.6047728495068485e-14
1637328783.474852,G,36.597511291503906,-4.511839389801025,3.3828444505417624e-17
1637328784.496368,G,36.597511291503906,-4.511835098266602,8.988620932257305e-22
1637328785.5277033,G,36.597511291503906,-4.511836051940918,0.23478347063064575
1637328786.5496838,G,36.59751510620117,-4.511838912963867,0.0003049156512133777
1637328787.5927632,G,36.59751510620117,-4.5118408203125,7.899396337052167e-07
1637328788.6166525,G,36.59751510620117,-4.5118408203125,7.899396337052167e-07
1637328789.6399379,G,36.597511291503906,-4.511840343475342,4.232730485553837e-12
1637328790.6671834,G,36.597496032714844,-4.511806488037109,2.8335703848991954e-17
1637328791.6941905,G,36.597496032714844,-4.511806488037109,2.8335703848991954e-17
1637328792.7186246,G,36.597511291503906,-4.511819362640381
1637328793.7419584,G,36.597511291503906,-4.511819362640381
1637328794.7749104,G,36.597511291503906,-4.511819362640381
1637328795.810798,G,36.597511291503906,-4.511819362640381
1637328796.8657334,G,36.597511291503906,-4.511819362640381
1637328798.9085054,G,36.597442626953125,-4.511899471282959
1637328799.9470892,G,36.59748840332031,-4.511793613433838
1637328800.9688625,G,36.597496032714844,-4.511792182922363
1637328801.9946213,G,36.597496032714844,-4.511792182922363
1637328803.0161035,G,36.59749221801758,-4.51177978515625
1637328804.0359917,G,36.59749221801758,-4.51177978515625
1637328805.0584395,G,36.59749984741211,-4.511782646179199
1637328806.0801666,G,36.59749984741211,-4.511782646179199
1637328807.1114898,G,36.59747314453125,-4.511807918548584
1637328808.134508,G,36.59746170043945,-4.511834621429443
1637328809.1553385,G,36.59746170043945,-4.511834621429443
1637328810.1887846,G,36.59746170043945,-4.511834621429443
1637328811.2191792,G,36.59749984741211,-4.511821746826172
1637328812.2539058,G,36.597503662109375,-4.51182222366333
1637328813.2726562,G,36.597503662109375,-4.51182222366333
1637328814.306261,G,36.597503662109375,-4.51182222366333
1637328815.3371277,G,36.597503662109375,-4.51182222366333
1637328816.3621333,G,36.59750747680664,-4.5118231773376465
1637328817.4062526,G,36.59750747680664,-4.511824131011963
1637328818.4398887,G,36.59750747680664,-4.511824607849121
1637328819.4602726,G,36.59750747680664,-4.511826038360596
1637328820.4848766,G,36.59750747680664,-4.511826038360596
1637328821.5070028,G,36.597476959228516,-4.511837005615234,0.2357954978942871
1637328822.534419,G,36.59745407104492,-4.511847496032715,6.256165215745568e-05
1637328823.5568743,G,36.59746170043945,-4.511860370635986,3.224849081107095e-07
1637328824.5839944,G,36.59746170043945,-4.511860370635986,3.224849081107095e-07
1637328825.6075943,G,36.59746170043945,-4.511860370635986,3.224849081107095e-07
1637328826.6276839,G,36.59746170043945,-4.511860370635986,3.224849081107095e-07
1637328827.6728938,G,36.59750747680664,-4.511855602264404,1.2909751045953044e-10
1637328828.6981297,G,36.59750747680664,-4.511852741241455,6.65452502129904e-13
1637328829.7178435,G,36.597511291503906,-4.511850833892822,8.642298336659308e-16
1637328830.747969,G,36.59750747680664,-4.5118489265441895,1.1223783155136283e-18
1637328831.770264,G,36.59750747680664,-4.5118489265441895,1.1223783155136283e-18
1637328832.79436,G,36.59750747680664,-4.51184606552124,8.338628828871993e-22
1637328833.8149312,G,36.59750747680664,-4.511844158172607,4.298278641621758e-24
1637328837.0682385,G,36.597511291503906,-4.511870384216309,1.187222963257052e-31
1637328838.7081416,G,36.597503662109375,-4.511857509613037,0.09391340613365173
1637328839.7364564,G,36.59750747680664,-4.511855602264404,5.032278522776323e-07
1637328841.1652527,G,36.59750747680664,-4.511854648590088,2.593971926145855e-09
1637328842.1904755,G,36.59750747680664,-4.5118536949157715,2.696451135292266e-12
1637328843.2151482,G,36.59750747680664,-4.511852741241455,2.80296691246133e-15
1637328844.240897,G,36.59748840332031,-4.511847019195557,1.4448360450741284e-17
1637328845.266103,G,36.59749984741211,-4.511852264404297,3.743148660637011e-20
1637328846.286107,G,36.59749984741211,-4.511852264404297,3.743148660637011e-20
1637328847.313146,G,36.59750747680664,-4.511852741241455,2.163673018027354e-23
1637328848.3438976,G,36.59750747680664,-4.511852741241455,2.163673018027354e-23
1637328849.3640501,G,36.59750747680664,-4.5118560791015625,7.279737735501138e-29
1637328850.3844204,G,36.59750747680664,-4.5118560791015625,7.279737735501138e-29
1637328851.4037914,G,36.59748840332031,-4.5118584632873535,6.308272213525368e-32
1637328852.4269152,G,36.59748458862305,-4.511859893798828,3.251701375646316e-34
1637328853.4460833,G,36.59748458862305,-4.511859893798828,3.251701375646316e-34
1637328854.4650276,G,36.59748458862305,-4.511859893798828,3.251701375646316e-34
1637328855.4977028,G,36.597503662109375,-4.511852741241455,8.720826849894423e-40
1637328856.5253143,G,36.597503662109375,-4.511852741241455,8.720826849894423e-40
1637328857.552677,G,36.59748840332031,-4.51185417175293,1.401298464324817e-45
1637328858.5993483,G,36.59746551513672,-4.511868476867676,0.09391339868307114
1637328859.6252341,G,36.59746551513672,-4.511868476867676,0.09391339868307114
1637328860.6517541,G,36.59746551513672,-4.511868476867676,0.09391339868307114
1637328861.702175,G,36.59746551513672,-4.511868476867676,0.09391339868307114
1637328862.722145,G,36.59746551513672,-4.511868476867676,0.09391339868307114
1637328863.7441385,G,36.59743881225586,-4.511883735656738,0.18877094984054565
1637328864.7670066,G,36.59743881225586,-4.511883735656738,0.18877094984054565
1637328865.7970092,G,36.59743118286133,-4.511885166168213,0.047322679311037064
1637328866.8248084,G,36.59742736816406,-4.511887073516846,0.09391465038061142
1637328867.9000392,G,36.597415924072266,-4.511884689331055,0.002520353998988867
1637328868.9288933,G,36.597415924072266,-4.511888027191162,0.00891686137765646
1637328869.94867,G,36.59741973876953,-4.511890411376953,4.854951839661226e-05
1637328870.9678938,G,36.59742736816406,-4.5118913650512695,0.04695669934153557
1637328871.9900694,G,36.59743118286133,-4.511892795562744,0.6602253913879395
1637328873.0137408,G,36.597434997558594,-4.511890888214111,0.19438764452934265
1637328874.035771,G,36.597434997558594,-4.511892318725586,0.0005255528958514333
1637328875.0636294,G,36.597434997558594,-4.511892795562744,0.04669719189405441
1637328876.0875316,G,36.59743118286133,-4.51189661026001,0.007082175463438034
1637328877.1127644,G,36.5974235534668,-4.511898040771484,0.05323553830385208
1637328878.1341531,G,36.59741973876953,-4.511895656585693,0.00027287559350952506
1637328879.1540673,G,36.59741973876953,-4.511889934539795,7.250772426914409e-09
1637328880.1752644,G,36.59741973876953,-4.511881351470947,0.0002420512610115111
1637328881.206659,G,36.59741973876953,-4.511877536773682,0.6571932435035706
1637328882.2437901,G,36.5974235534668,-4.511871337890625,0.14661432802677155
1637328883.2639458,G,36.5974235534668,-4.511869430541992,0.6075099110603333
1637328884.2838092,G,36.5974235534668,-4.511868953704834,0.7079883217811584
1637328885.305904,G,36.5974235534668,-4.511868953704834,3.9094335079425946e-05
1637328886.3252351,G,36.5974235534668,-4.511868953704834,3.9094335079425946e-05
1637328887.404475,G,36.5974235534668,-4.511868000030518,0.23599685728549957
1637328888.432862,G,36.5974235534668,-4.511868476867676,6.270841822697548e-06
1637328889.4555206,G,36.5974235534668,-4.511868476867676,0.046957943588495255
1637328890.4756212,G,36.5974235534668,-4.511868476867676,0.04719875380396843
1637328891.5058048,G,36.5974235534668,-4.511865139007568,0.09440000355243683
1637328892.529898,G,36.5974235534668,-4.511865139007568,0.09440000355243683
1637328893.56168,G,36.5974235534668,-4.511865139007568,0.09440000355243683
1637328894.587258,G,36.5974235534668,-4.511865139007568,0.09440000355243683
1637328895.6092548,G,36.5974235534668,-4.511865139007568,0.09440000355243683
1637328897.6508698,G,36.5974235534668,-4.511865139007568,0.09440000355243683
1637328898.6709666,G,36.5974235534668,-4.51185941696167,0.0007298964192159474
1637328899.6932685,G,36.59741973876953,-4.5118584632873535,3.7432600947795436e-06
1637328900.7148564,G,36.59741973876953,-4.511857986450195,9.946485302059216e-11
1637328901.7502863,G,36.59741973876953,-4.511857986450195,9.946485302059216e-11
1637328903.011129,G,36.59741973876953,-4.511857509613037,6.658601701935716e-16
1637328904.0352125,G,36.59741973876953,-4.511856555938721,8.892126153666125e-21
1637328905.057305,G,36.5974235534668,-4.511855602264404,0.04719874635338783
1637328906.077446,G,36.5974235534668,-4.511855125427246,1.2541518117359374e-06
1637328907.1088905,G,36.5974235534668,-4.5118536949157715,3.332497125474454e-11
1637328908.13161,G,36.5974235534668,-4.51185417175293,0.0002420512610115111
1637328909.3411138,G,36.5974235534668,-4.511852741241455,6.270842050071224e-07
1637328910.3623493,G,36.5974235534668,-4.511852741241455,0.09391339123249054
1637328911.3857143,G,36.59741973876953,-4.511858940124512,1.2863436538168571e-08
1637328912.4614022,G,36.5974235534668,-4.51185417175293,0.09391339123249054
1637328913.490295,G,36.5974235534668,-4.511851787567139,2.4954401851573493e-06
1637328914.5218248,G,36.5974235534668,-4.511851787567139,2.4954401851573493e-06
1637328915.550879,G,36.59742736816406,-4.511851787567139,0.0002445531135890633
1637328916.5743392,G,36.59742736816406,-4.511856555938721,0.04695670306682587
1637328917.6100166,G,36.597408294677734,-4.511857509613037,0.14135542511940002
1637328918.636443,G,36.59741973876953,-4.511859893798828,0.04696045070886612
1637328919.6553767,G,36.5974235534668,-4.5118608474731445,0.04719876870512962
1637328920.678622,G,36.5974235534668,-4.5118608474731445,0.14087072014808655
1637328921.7026658,G,36.5974235534668,-4.511859893798828,0.14087381958961487
1637328922.7303236,G,36.5974235534668,-4.511861324310303,0.00024579453747719526
1637328923.7524705,G,36.5974235534668,-4.511859893798828,6.531183149860453e-09
1637328924.7786887,G,36.5974235534668,-4.511859893798828,0.0004841025220230222
1637328925.8060968,G,36.5974235534668,-4.511859893798828,1.2541684100142447e-06
1637328926.825342,G,36.5974235534668,-4.511860370635986,3.332497125474454e-11
1637328927.856163,G,36.59742736816406,-4.5118608474731445,0.0002420512610115111
1637328928.8794973,G,36.59743118286133,-4.5118632316589355,0.18855512142181396
1637328929.9262304,G,36.59743118286133,-4.511862754821777,0.000486623786855489
1637328930.9490452,G,36.59743118286133,-4.511862754821777,0.000486623786855489
1637328931.9789498,G,36.59743881225586,-4.511864185333252,6.498542148847264e-09
1637328933.0110924,G,36.59743881225586,-4.511869430541992,0.18782678246498108
1637328934.030401,G,36.597434997558594,-4.511875152587891,0.00019524719391483814
1637328935.054484,G,36.597434997558594,-4.511875152587891,0.09391441196203232
1637328936.07635,G,36.597434997558594,-4.511875152587891,0.09391441196203232
1637328937.1077116,G,36.597434997558594,-4.511875152587891,0.8933039903640747
1637328938.1308844,G,36.597434997558594,-4.511875629425049,0.8052937984466553
1637328939.1494718,G,36.59743118286133,-4.511877059936523,0.893391489982605
1637328940.180187,G,36.59742736816406,-4.511878490447998,0.10052844882011414
1637328941.2261238,G,36.59742736816406,-4.5118794441223145,0.04777449369430542
1637328942.2471573,G,36.5974235534668,-4.511881351470947,0.04720000922679901
1637328943.2696013,G,36.5974235534668,-4.511882305145264,0.047200001776218414
1637328944.298129,G,36.59741973876953,-4.511885166168213,3.1597696192875446e-07
1637328945.321062,G,36.59741973876953,-4.511886119842529,0.09391339123249054
1637328946.3454874,G,36.59741973876953,-4.511887550354004,2.4954401851573493e-06
1637328947.36738,G,36.59741973876953,-4.511887550354004,2.4954401851573493e-06
1637328948.3902874,G,36.597415924072266,-4.511889934539795,0.047199998050928116
1637328949.433769,G,36.597415924072266,-4.511890888214111,0.001211510505527258
1637328950.639974,G,36.597415924072266,-4.5118913650512695,0.0012102884938940406
1637328951.6628127,G,36.597415924072266,-4.511890888214111,0.00024208342074416578
1637328952.683106,G,36.597415924072266,-4.5118913650512695,0.23478472232818604
1637328953.711763,G,36.597415924072266,-4.511892318725586,0.09512989223003387
1637328954.7447152,G,36.597412109375,-4.511893272399902,0.0939159169793129
1637328955.9267633,G,36.597412109375,-4.5118937492370605,0.18831337988376617
1637328956.9652038,G,36.597412109375,-4.511894702911377,0.0951295867562294
1637328957.986331,G,36.597412109375,-4.511894226074219,0.18831714987754822
1637328959.0086606,G,36.597408294677734,-4.511894702911377,0.1418432891368866
1637328960.0526025,G,36.597408294677734,-4.511894702911377,0.09536946564912796
1637328961.0733933,G,36.597408294677734,-4.511895656585693,0.0004866366507485509
1637328962.2414865,G,36.59740447998047,-4.511877059936523,0.18782679736614227
1637328963.2672262,G,36.597408294677734,-4.511887073516846,0.0944024845957756
1637328964.2987924,G,36.597408294677734,-4.511887073516846,0.0944024845957756
1637328965.379364,G,36.597408294677734,-4.511892795562744,0.09440000355243683
1637328966.4064825,G,36.597408294677734,-4.511894226074219,2.5083702439587796e-06
1637328967.426064,G,36.597408294677734,-4.511895656585693,0.18782678246498108
1637328968.4518812,G,36.597408294677734,-4.511895656585693,0.09391465783119202
1637328969.4753892,G,36.59740447998047,-4.511896133422852,0.09439750015735626
1637328970.5036345,G,36.59740447998047,-4.511897087097168,0.0004866044328082353
1637328971.529324,G,36.59740447998047,-4.511899471282959,0.18855294585227966
1637328972.5540686,G,36.59740447998047,-4.511899948120117,0.000489112688228488
1637328973.5772235,G,36.597408294677734,-4.511898994445801,1.2996565601497423e-08
1637328974.6186512,G,36.597415924072266,-4.511894226074219,0.04695669561624527
1637328975.6388133,G,36.59741973876953,-4.511891841888428,0.7043906450271606
1637328976.6622257,G,36.59742736816406,-4.511885166168213,0.6075746417045593
1637328977.6821299,G,36.597434997558594,-4.5118818283081055,1.605360012035817e-05
1637328978.700702,G,36.597434997558594,-4.511879920959473,8.275271312641053e-08
1637328979.7239935,G,36.597434997558594,-4.511881351470947,0.04695669561624527
1637328980.7476683,G,36.59743881225586,-4.511882781982422,0.14111213386058807
1637328981.7852767,G,36.59743881225586,-4.5118913650512695,0.2359977513551712
1637328982.8225477,G,36.597442626953125,-4.511895179748535,0.0009744687122292817
1637328983.8435993,G,36.597442626953125,-4.511899948120117,2.589330883040475e-08
1637328984.8743477,G,36.59744644165039,-4.511904239654541,6.880297113293077e-13
1637328985.897697,G,36.597450256347656,-4.511907577514648,8.935511496845593e-16
1637328986.922334,G,36.597450256347656,-4.511913299560547,2.314907130440888e-18
1637328987.9514158,G,36.59745407104492,-4.511920928955078,6.151024894869418e-23
1637328988.974043,G,36.59745788574219,-4.511923789978027,7.988397491530247e-26
1637328989.997594,G,36.59745788574219,-4.511924743652344,4.117758110238948e-28
1637328991.0323327,G,36.59745788574219,-4.511923313140869,3.5682641183758794e-31
1637328992.0547051,G,36.59745788574219,-4.511923313140869,3.5682641183758794e-31
1637328993.0777361,G,36.59746170043945,-4.511917591094971,0.00024267191474791616
1637328994.1011314,G,36.59746170043945,-4.511917591094971,0.00024267191474791616
1637328995.125498,G,36.59746551513672,-4.511913776397705,2.522590705211769e-07
1637328996.1452804,G,36.59746551513672,-4.511910915374756,2.622238537419719e-10
1637328997.168334,G,36.59746551513672,-4.511910915374756,1.3516766915813716e-12
1637328998.1921015,G,36.59746551513672,-4.511908531188965,1.405076887630273e-15
1637328999.2162392,G,36.59746551513672,-4.511905670166016,9.406171244547382e-21
1637329000.240486,G,36.59746551513672,-4.511906147003174,0.09391339868307114
1637329001.2684696,G,36.59746551513672,-4.511905193328857,0.09440000355243683
1637329002.2976532,G,36.59746551513672,-4.511904239654541,0.09440000355243683
1637329003.3286722,G,36.59746551513672,-4.511904239654541,0.09440000355243683
1637329004.351358,G,36.59746551513672,-4.511902332305908,0.09391390532255173
1637329005.3700666,G,36.597469329833984,-4.511900901794434,0.09439998865127563
1637329006.4027858,G,36.597469329833984,-4.511899948120117,0.00012259821232873946
1637329007.4353132,G,36.597469329833984,-4.511895656585693,3.2575804276291365e-09
1637329008.4552753,G,36.59747314453125,-4.511892795562744,2.1808067707912958e-14
1637329009.486541,G,36.59747314453125,-4.511892318725586,1.1241347466904204e-16
1637329010.5100741,G,36.59747314453125,-4.5118913650512695,2.9870192680209155e-21
1637329011.5308235,G,36.59747314453125,-4.511890888214111,7.937023541375311e-26
1637329012.5851908,G,36.597476959228516,-4.511890411376953,1.030789243338888e-28
1637329013.608369,G,36.597476959228516,-4.511889934539795,2.7389295717357696e-33
1637329014.836329,G,36.597476959228516,-4.511889934539795,2.847135529990429e-36
1637329015.8837168,G,36.59747314453125,-4.511891841888428,7.56519001935039e-41
1637329016.9257557,G,36.59747314453125,-4.511892318725586,9.80908925027372e-44
1637329017.971869,G,36.59747314453125,-4.511892795562744
1637329019.0099292,G,36.597476959228516,-4.511890888214111,0.04695669561624527
1637329020.0281177,G,36.597476959228516,-4.5118889808654785,0.04719974845647812
1637329021.052141,G,36.597476959228516,-4.511891841888428,0.09391465038061142
1637329022.1276321,G,36.59747314453125,-4.5118937492370605,0.00012259498180355877
1637329023.1478827,G,36.59747314453125,-4.511894226074219,6.31937155048945e-07
1637329024.1661046,G,36.597476959228516,-4.511894702911377,0.00048410255112685263
1637329025.187405,G,36.597476959228516,-4.511894702911377,0.09427741169929504
1637329026.22336,G,36.597476959228516,-4.511895179748535,0.09439937025308609
1637329027.2494314,G,36.597476959228516,-4.511892795562744,2.5083536456804723e-06
1637329028.2753937,G,36.597476959228516,-4.511892795562744,2.5083536456804723e-06
1637329029.3006544,G,36.597476959228516,-4.511885643005371,0.09391340613365173
1637329030.3366277,G,36.59747314453125,-4.511882305145264,0.14153806865215302
1637329031.3584006,G,36.59747314453125,-4.511882305145264,0.14153806865215302
1637329032.3824112,G,36.597469329833984,-4.511874675750732,6.322198942143586e-07
1637329033.4030564,G,36.597469329833984,-4.511871337890625,3.2589522191983633e-09
1637329034.4325347,G,36.597469329833984,-4.511871337890625,3.2589522191983633e-09
1637329035.457575,G,36.597469329833984,-4.511871337890625,3.2589522191983633e-09
1637329036.4838345,G,36.597469329833984,-4.511871337890625,3.2589522191983633e-09
1637329037.5123525,G,36.59751510620117,-4.511841297149658,1.4132522192442099e-12
1637329038.5392287,G,36.5975227355957,-4.511832237243652,1.4690778500918607e-15
1637329039.5637853,G,36.59748458862305,-4.5118207931518555,9.834620913487873e-21
1637329040.597063,G,36.59746551513672,-4.511843204498291,2.613175950773499e-25
1637329041.6199899,G,36.59746170043945,-4.511845111846924,0.18782678246498108
1637329042.640263,G,36.59745788574219,-4.511845111846924,0.0014585396274924278
1637329043.6747506,G,36.59745407104492,-4.511845588684082,0.00048414128832519054
1637329044.7710266,G,36.59745407104492,-4.511845588684082,0.00048414128832519054
1637329045.796649,G,36.59745788574219,-4.511844635009766,0.09415669739246368
1637329046.8161154,G,36.59746170043945,-4.511843681335449,0.14141641557216644
1637329047.8416958,G,36.597450256347656,-4.511841297149658,0.00036636501317843795
1637329049.0850322,G,36.59744644165039,-4.511836051940918,0.046962935477495193
1637329050.1162956,G,36.59744644165039,-4.5118327140808105,0.00024329914595000446
1637329051.140349,G,36.597450256347656,-4.511830806732178,0.00048410898307338357
1637329052.1718726,G,36.59745788574219,-4.511828422546387,0.610252320766449
1637329053.1915717,G,36.59746551513672,-4.511824607849121,0.23602195084095
1637329054.209149,G,36.597469329833984,-4.511824607849121,0.23600000143051147
1637329055.2370331,G,36.59747314453125,-4.511824607849121,0.23600000143051147
1637329056.2947001,G,36.59747314453125,-4.511826992034912,6.2356939452001825e-06
1637329057.3254578,G,36.597476959228516,-4.511832237243652,0.18879498541355133
1637329058.3502219,G,36.597476959228516,-4.511834621429443,0.235488623380661
1637329059.3681452,G,36.59748077392578,-4.511842727661133,0.0025421108584851027
1637329060.3998067,G,36.59748077392578,-4.511851787567139,0.23345793783664703
1637329061.4706264,G,36.597476959228516,-4.511861801147461,0.6562234163284302
1637329062.4933774,G,36.597476959228516,-4.511870384216309,0.24057571589946747
1637329063.6148307,G,36.597476959228516,-4.511874198913574,0.23604929447174072
1637329064.6441464,G,36.59746551513672,-4.511881351470947,0.001209624228067696
1637329065.670804,G,36.59745788574219,-4.511882781982422,3.214178789789912e-08
1637329066.6953106,G,36.597450256347656,-4.5118818283081055,0.23598341643810272
1637329067.7792277,G,36.597442626953125,-4.5118818283081055,2.7386140573071316e-05
1637329068.816647,G,36.597442626953125,-4.511881351470947,0.23345793783664703
1637329069.836573,G,36.59743881225586,-4.511880397796631,0.1867799311876297
1637329070.8603065,G,36.59743881225586,-4.511877536773682,0.18678779900074005
1637329071.883421,G,36.59743118286133,-4.511870384216309,0.14232736825942993
1637329072.9378312,G,36.59743118286133,-4.511870384216309,0.09392403066158295
1637329073.962568,G,36.59742736816406,-4.511869430541992,0.047443293035030365
1637329074.99006,G,36.59742736816406,-4.511869430541992,0.047443293035030365
1637329076.0238538,G,36.59742736816406,-4.511865615844727,0.09512738883495331
1637329077.0463414,G,36.5974235534668,-4.51186466217041,0.7023701667785645
1637329078.068131,G,36.597415924072266,-4.511861324310303,1.168387770652771
1637329079.0865643,G,36.59741973876953,-4.511855602264404,0.621386706829071
1637329080.1115515,G,36.59741973876953,-4.511855602264404,0.621386706829071
1637329081.13363,G,36.59742736816406,-4.511853218078613,0.09730200469493866
1637329082.1592643,G,36.59743118286133,-4.5118513107299805,0.09488417953252792
1637329083.1803238,G,36.59743118286133,-4.5118513107299805,0.2347859889268875
1637329084.2114685,G,36.597434997558594,-4.511850833892822,0.14135795831680298
1637329085.2365847,G,36.59743881225586,-4.511850833892822,0.18855544924736023
1637329086.2708778,G,36.59743881225586,-4.511852264404297,0.0004884921945631504
1637329087.28967,G,36.597442626953125,-4.511854648590088,0.649485170841217
1637329088.3140438,G,36.59744644165039,-4.511857032775879,0.8051820397377014
1637329089.3333755,G,36.597450256347656,-4.511859893798828,0.7438341975212097
1637329090.3684068,G,36.59745407104492,-4.511862754821777,0.9405435919761658
1637329091.387864,G,36.59745788574219,-4.511865615844727,0.6907861232757568
1637329092.4215708,G,36.59746170043945,-4.51186990737915,0.6909869313240051
1637329093.441726,G,36.597469329833984,-4.511872291564941,0.9192963242530823
1637329094.4670534,G,36.59747314453125,-4.511874675750732,0.689185380935669
1637329095.6449509,G,36.597469329833984,-4.511875629425049,0.5985428690910339
1637329096.6685963,G,36.597469329833984,-4.511875629425049,0.5985428690910339
1637329097.6980033,G,36.59745788574219,-4.511878490447998,1.0519990921020508
1637329099.0385602,G,36.597450256347656,-4.511882781982422,1.0528016090393066
1637329100.196488,G,36.59744644165039,-4.511885166168213,0.6946932673454285
1637329101.2198777,G,36.59744644165039,-4.511885643005371,0.24356886744499207
1637329102.2419846,G,36.597442626953125,-4.5118865966796875,0.2360815405845642
1637329103.2622004,G,36.597442626953125,-4.511890888214111,0.6562240123748779
1637329104.296174,G,36.597434997558594,-4.511895656585693,7.615553477080539e-05
1637329105.3204432,G,36.59742736816406,-4.511897087097168,0.0005030027823522687
1637329106.344632,G,36.5974235534668,-4.511894226074219,0.09992203861474991
1637329107.3807335,G,36.59741973876953,-4.511892318725586,0.007053511217236519
1637329108.4045312,G,36.597415924072266,-4.511890888214111,0.04698141664266586
1637329109.4244423,G,36.597415924072266,-4.51188850402832,0.0005084461881779134
1637329110.4473963,G,36.597415924072266,-4.511887073516846,0.6140318512916565
1637329111.4674327,G,36.597412109375,-4.5118842124938965,0.0015802409034222364
1637329112.541402,G,36.597408294677734,-4.511880397796631,0.14258973300457
1637329113.5650356,G,36.597408294677734,-4.511878490447998,0.0015360767720267177
1637329114.589149,G,36.59740447998047,-4.511874675750732,0.607071578502655
1637329115.7341316,G,36.5974006652832,-4.511874675750732,0.6080663204193115
1637329116.7624974,G,36.5974006652832,-4.511874198913574,0.7004435062408447
1637329117.792496,G,36.5974006652832,-4.511872291564941,0.14088858664035797
1637329118.8193593,G,36.5974006652832,-4.51186990737915,0.18855303525924683
1637329119.845737,G,36.59740447998047,-4.511868476867676,0.09389067441225052
1637329120.8688567,G,36.597408294677734,-4.5118727684021,0.0004865973605774343
1637329121.903507,G,36.597412109375,-4.511876583099365,0.653641402721405
1637329122.9228024,G,36.597412109375,-4.511882305145264,0.000990011845715344
1637329123.946914,G,36.597412109375,-4.511889934539795,0.7086109519004822
1637329124.9726582,G,36.597415924072266,-4.511895179748535,0.8950474858283997
1637329126.3137436,G,36.5974235534668,-4.511906623840332,0.2420739233493805
1637329127.3437412,G,36.59742736816406,-4.5119147300720215,0.656223714351654
1637329128.3665876,G,36.59742736816406,-4.511922359466553,0.7004491090774536
1637329129.386954,G,36.59743118286133,-4.5119309425354,0.429156094789505
1637329130.4254634,G,36.597434997558594,-4.51193380355835,0.4248405694961548
1637329131.4459305,G,36.597434997558594,-4.511935710906982,0.23801861703395844
1637329132.4776683,G,36.597442626953125,-4.511934757232666,0.23600023984909058
1637329133.5021627,G,36.59744644165039,-4.51193380355835,0.23600000143051147
1637329134.5221567,G,36.597450256347656,-4.511929988861084,0.23600000143051147
1637329135.5477104,G,36.597450256347656,-4.511926651000977,0.23600000143051147
1637329136.592924,G,36.597450256347656,-4.511910915374756,0.3749910891056061
1637329137.6151457,G,36.59744644165039,-4.511904716491699,0.4307149648666382
1637329138.640355,G,36.597442626953125,-4.511898517608643,0.7104493975639343
1637329139.6640718,G,36.59743881225586,-4.511894702911377,0.0010849640239030123
1637329140.6987655,G,36.59743881225586,-4.511891841888428,0.6487355828285217
1637329141.7216938,G,36.59743881225586,-4.511887550354004,0.18834592401981354
1637329142.7876186,G,36.59743881225586,-4.511887073516846,0.0009654257446527481
1637329143.813433,G,36.59746170043945,-4.511897087097168,0.09391342103481293
1637329144.8340886,G,36.59746170043945,-4.511897087097168,0.09391342103481293
1637329145.8612983,G,36.597476959228516,-4.511907577514648,0.00024330227461177856
1637329146.8945682,G,36.59745407104492,-4.511892795562744,0.04715118929743767
1637329147.9261084,G,36.59744644165039,-4.511882781982422,3.3482919548077916e-07
1637329148.9506423,G,36.597442626953125,-4.511880874633789,0.6561963558197021
1637329149.973549,G,36.597442626953125,-4.5118794441223145,0.04723362997174263
1637329150.9988139,G,36.59744644165039,-4.511877536773682,1.255078586837044e-06
1637329152.0221558,G,36.59744644165039,-4.511877536773682,0.04695670306682587
1637329153.0425444,G,36.59744644165039,-4.511877536773682,0.04695670306682587
1637329154.0676103,G,36.59744644165039,-4.51187801361084,6.09831404290162e-05
1637329155.0905077,G,36.597450256347656,-4.511876583099365,7.919901889863468e-08
1637329156.1093178,G,36.597450256347656,-4.511876583099365,7.919901889863468e-08
1637329157.130796,G,36.597450256347656,-4.511876583099365,7.919901889863468e-08
1637329158.1499095,G,36.59745407104492,-4.511871337890625,0.047138702124357224
1637329159.1829276,G,36.59745407104492,-4.511871337890625,0.047138702124357224
1637329160.2017639,G,36.59745407104492,-4.511871337890625,0.047138702124357224
1637329161.223239,G,36.59747314453125,-4.511871814727783,3.155650176722702e-07
1637329162.2464077,G,36.59747314453125,-4.511871814727783,3.155650176722702e-07
1637329163.2717025,G,36.59745788574219,-4.51186990737915,0.0943182036280632
1637329164.2944891,G,36.59745788574219,-4.51186990737915,0.0943182036280632
1637329165.3267608,G,36.59745407104492,-4.511867523193359,0.04723500832915306
1637329166.3522034,G,36.59745407104492,-4.511867523193359,0.04723500832915306
1637329167.3773377,G,36.59745407104492,-4.511867523193359,0.04723500832915306
1637329168.4396012,G,36.59745407104492,-4.511867523193359,0.04723500832915306
1637329169.4668303,G,36.59745407104492,-4.511868000030518,2.7303485694574192e-05
1637329170.4903846,G,36.59745407104492,-4.511868000030518,2.7303485694574192e-05
1637329171.513751,G,36.59745407104492,-4.511868000030518,2.7303485694574192e-05
1637329172.53804,G,36.59745407104492,-4.511868000030518,2.7303485694574192e-05
1637329173.5641499,G,36.59745407104492,-4.511868000030518,2.7303485694574192e-05
1637329174.5878468,G,36.59745407104492,-4.511868000030518,2.7303485694574192e-05
1637329175.6196828,G,36.59745407104492,-4.511868000030518,2.7303485694574192e-05
1637329176.6411045,G,36.59745788574219,-4.511862277984619,0.04718884080648422
1637329177.6617794,G,36.59745788574219,-4.511862277984619,0.04718884080648422
1637329178.680066,G,36.597434997558594,-4.511911869049072,0.00012225095997564495
1637329179.7018912,G,36.597434997558594,-4.511911869049072,0.00012225095997564495
1637329180.7286181,G,36.59750747680664,-4.511887550354004,1.375806135683888e-10
1637329181.7547138,G,36.59745788574219,-4.511865615844727,0.8914596438407898
1637329182.7797267,G,36.59745407104492,-4.5118632316589355,0.805293083190918
1637329183.8024545,G,36.597450256347656,-4.511862277984619,1.1721172332763672
1637329184.8259351,G,36.597450256347656,-4.511861801147461,1.1357609033584595
1637329185.8476987,G,36.597450256347656,-4.511861801147461,1.8798437118530273
1637329186.8730135,G,36.59744644165039,-4.511860370635986,2.546494245529175
1637329187.9052079,G,36.597450256347656,-4.5118608474731445,1.9826627969741821
1637329188.9265943,G,36.597450256347656,-4.511861324310303,1.9824000597000122
1637329189.9688349,G,36.597450256347656,-4.511861324310303,1.9823999404907227
1637329190.9942832,G,36.597450256347656,-4.511861324310303,1.9823999404907227
1637329192.0263364,G,36.597450256347656,-4.511861324310303,1.899105191230774
1637329193.0504844,G,36.59744644165039,-4.5118608474731445,2.1308741569519043
1637329194.071417,G,36.59744644165039,-4.5118608474731445,2.0297300815582275
1637329195.0896409,G,36.59744644165039,-4.511862754821777,1.7003511190414429
1637329196.1262403,G,36.59744644165039,-4.511862754821777,1.8377679586410522
1637329197.1494553,G,36.59744644165039,-4.511864185333252,1.8809956312179565
1637329198.1682608,G,36.59744644165039,-4.5118632316589355,1.9863089323043823
1637329199.1911144,G,36.59744644165039,-4.511864185333252,1.3209158182144165
1637329200.2145107,G,36.59744644165039,-4.51186466217041,1.1023740768432617
1637329201.2353258,G,36.59744644165039,-4.511865615844727,1.281187891960144
1637329202.260063,G,36.59744644165039,-4.511866569519043,1.2744735479354858
1637329203.2873337,G,36.59744644165039,-4.511867046356201,1.3206064701080322
1637329204.3098073,G,36.59744644165039,-4.511868000030518,1.2685840129852295
1637329205.33105,G,36.59744644165039,-4.511868000030518,1.6017061471939087
1637329206.354489,G,36.59744644165039,-4.511868953704834,2.153139591217041
1637329207.3780057,G,36.59744644165039,-4.511868476867676,2.263171672821045
1637329208.3971984,G,36.59744644165039,-4.511870384216309,2.029656410217285
1637329209.4415805,G,36.59744644165039,-4.511871337890625,2.029599905014038
1637329210.4649823,G,36.59744644165039,-4.511872291564941,2.029599905014038
1637329211.491639,G,36.59744644165039,-4.5118727684021,2.029599905014038
1637329212.5165381,G,36.597450256347656,-4.511873245239258,2.029599905014038
1637329213.5421033,G,36.597450256347656,-4.511873722076416,2.029599905014038
1637329214.5650501,G,36.597450256347656,-4.511874198913574,2.029599905014038
1637329215.745413,G,36.597450256347656,-4.511875152587891,2.029599905014038
1637329217.0435638,G,36.597450256347656,-4.511875152587891,2.029599905014038
1637329218.1107776,G,36.597450256347656,-4.511875629425049,2.029599905014038
1637329219.1395304,G,36.597450256347656,-4.511876106262207,2.029599905014038
1637329220.160329,G,36.597450256347656,-4.511876583099365,2.029599905014038
1637329221.188311,G,36.597450256347656,-4.511877059936523,2.029599905014038
1637329222.2163942,G,36.59744644165039,-4.511877059936523,2.029599905014038
1637329223.2396905,G,36.59744644165039,-4.511876106262207,2.35280704498291
1637329224.2639413,G,36.59744644165039,-4.51187801361084,1.8464958667755127
1637329225.2949853,G,36.59744644165039,-4.511877059936523,1.9823360443115234
1637329226.3210044,G,36.59744644165039,-4.511877059936523,1.9804229736328125
1637329227.344296,G,36.59744644165039,-4.51187801361084,1.2747207880020142
1637329228.364946,G,36.597450256347656,-4.511877536773682,1.1829601526260376
1637329229.5527675,G,36.597450256347656,-4.511877536773682,0.9952369332313538
1637329230.5769293,G,36.597450256347656,-4.511877536773682,0.7100552320480347
1637329231.5976522,G,36.597450256347656,-4.511877059936523,0.7202136516571045
1637329232.6232595,G,36.597450256347656,-4.511877536773682,0.2411654144525528
1637329233.6442258,G,36.59744644165039,-4.511879920959473,0.04770108684897423
1637329234.6698864,G,36.59744644165039,-4.511875152587891,0.1408713459968567
1637329235.6947346,G,36.59744644165039,-4.511876583099365,0.0007261603022925556
1637329236.7417603,G,36.597450256347656,-4.511879920959473,1.8812694406733499e-06
1637329237.775736,G,36.59745788574219,-4.511888027191162,0.23447193205356598
1637329238.797826,G,36.59745788574219,-4.511891841888428,0.002542180474847555
1637329239.8238626,G,36.597450256347656,-4.511894702911377,0.14208684861660004
1637329240.8489146,G,36.597442626953125,-4.511896133422852,0.0476863756775856
1637329241.8713744,G,36.597442626953125,-4.511897563934326,0.0001235414674738422
1637329242.9135945,G,36.59744644165039,-4.511898994445801,0.18782678246498108
1637329243.935892,G,36.597442626953125,-4.511903762817383,0.0004890934214927256
1637329244.9587078,G,36.59745407104492,-4.51190710067749,1.2996052234370836e-08
1637329245.982778,G,36.59745788574219,-4.511903285980225,0.04694228619337082
1637329247.111844,G,36.59745788574219,-4.511903285980225,0.04694228619337082
1637329248.133032,G,36.59745788574219,-4.511896133422852,4.178411643351865e-07
1637329249.1515448,G,36.59745788574219,-4.511895179748535,0.0007261537830345333
1637329250.1711533,G,36.59745788574219,-4.511894226074219,9.430631848772464e-07
1637329251.1941118,G,36.59745788574219,-4.511894702911377,6.3132671833388e-12
1637329252.2179835,G,36.59745788574219,-4.511894226074219,3.254283303878898e-14
1637329253.24157,G,36.59745788574219,-4.5118937492370605,3.382849082753193e-17
1637329254.2983963,G,36.59745407104492,-4.5118937492370605,1.889038382949423e-21
1637329255.3346632,G,36.59745407104492,-4.5118937492370605,2.449826276610351e-24
1637329256.3584874,G,36.59745407104492,-4.5118937492370605,6.509480109836692e-29
1637329257.3818636,G,36.59745407104492,-4.5118937492370605,1.7296807951754703e-33
1637329258.4037824,G,36.59745407104492,-4.5118937492370605,1.7296807951754703e-33
1637329259.4272985,G,36.59745407104492,-4.511895179748535,9.268167023567375e-39
1637329260.4570413,G,36.59745407104492,-4.511896133422852,6.165713243029195e-44
1637329261.4799094,G,36.59745407104492,-4.51189661026001
1637329262.5022807,G,36.59745407104492,-4.511897563934326
1637329263.5273912,G,36.59745407104492,-4.511897563934326
1637329264.550339,G,36.59745407104492,-4.511898994445801
1637329265.576335,G,36.59745407104492,-4.511897087097168,0.09427740424871445
1637329266.599117,G,36.59745407104492,-4.51189661026001,0.00048660763422958553
1637329267.6246274,G,36.59745788574219,-4.51189661026001,2.5083536456804723e-06
1637329268.6475012,G,36.59745788574219,-4.511897087097168,1.2930001069832997e-08
1637329269.6760662,G,36.59746551513672,-4.511899471282959,0.1912117302417755
1637329270.6971986,G,36.59746551513672,-4.511895656585693,0.24102988839149475
1637329271.7178016,G,36.597476959228516,-4.511898040771484,0.14210966229438782
1637329272.7466578,G,36.59746170043945,-4.511889457702637,3.7760971736133797e-06
1637329273.7824786,G,36.59745407104492,-4.511883735656738,2.1086792034719082e-10
1637329274.8180928,G,36.59744644165039,-4.511876106262207,0.6593514084815979
1637329275.8420618,G,36.59743881225586,-4.51186990737915,0.001703270711004734
1637329276.8626704,G,36.597434997558594,-4.511869430541992,0.00024209654657170177
1637329277.8893898,G,36.59743118286133,-4.511871337890625,0.04719875380396843
1637329278.9077055,G,36.59742736816406,-4.5118727684021,0.0002432990149827674
1637329279.9274135,G,36.59741973876953,-4.511876106262207,0.7064467668533325
1637329280.9484153,G,36.597412109375,-4.511878967285156,0.19439300894737244
1637329281.9714007,G,36.59740447998047,-4.511882781982422,0.04872606694698334
1637329283.0034764,G,36.5974006652832,-4.511890411376953,0.6074985265731812
1637329284.0385747,G,36.59740447998047,-4.511896133422852,0.1892951875925064
1637329285.0626285,G,36.597408294677734,-4.511898040771484,0.0009757743682712317
1637329286.0945306,G,36.597415924072266,-4.511900424957275,0.09439875930547714
1637329287.1223555,G,36.5974235534668,-4.511905193328857,0.7003730535507202
1637329288.1424348,G,36.5974235534668,-4.511908054351807,0.10092797130346298
1637329289.1778102,G,36.5974235534668,-4.511914253234863,0.0002447250299155712
1637329290.196082,G,36.5974235534668,-4.511918067932129,0.04719875380396843
1637329291.2174177,G,36.5974235534668,-4.51192045211792,0.00012227820116095245
1637329292.3116784,G,36.5974235534668,-4.511922836303711,0.00024205453519243747
1637329293.3343327,G,36.5974235534668,-4.511925220489502,0.09488160163164139
1637329294.3575277,G,36.5974235534668,-4.511927127838135,2.5211672891600756e-06
1637329295.3826902,G,36.5974235534668,-4.511928081512451,0.09439749270677567
1637329296.4197295,G,36.59742736816406,-4.511928558349609,0.09439998865127563
1637329297.4473772,G,36.59742736816406,-4.511929512023926,0.23585280776023865
1637329298.471275,G,36.5974235534668,-4.511930465698242,6.266881428018678e-06
1637329299.4958413,G,36.5974235534668,-4.511931419372559,8.138862028772564e-09
1637329300.5349662,G,36.5974235534668,-4.511931896209717,2.1625924792254003e-13
1637329301.5607293,G,36.5974235534668,-4.511932373046875,1.4477604594117484e-18
1637329302.5815554,G,36.5974235534668,-4.511932373046875,1.4477604594117484e-18
1637329303.654421,G,36.5974235534668,-4.511932849884033,0.0007280157296918333
1637329304.6767848,G,36.59742736816406,-4.51193380355835,4.873647707626105e-09
1637329305.6971505,G,36.59742736816406,-4.51193380355835,2.5122563751533988e-11
1637329306.7228844,G,36.59742736816406,-4.511934757232666,1.6818450619642932e-16
1637329307.7617414,G,36.59742736816406,-4.511934757232666,8.669362569608216e-19
1637329308.7846386,G,36.59742736816406,-4.511937618255615,0.2353885918855667
1637329309.8082166,G,36.59742736816406,-4.511933326721191,0.00024468734045512974
1637329310.8299422,G,36.59743118286133,-4.511924743652344,0.0007261603605002165
1637329311.8545613,G,36.59743118286133,-4.5119147300720215,0.6607286930084229
1637329313.0931385,G,36.597434997558594,-4.511910438537598,0.6607992053031921
1637329314.1361942,G,36.597434997558594,-4.511900901794434,0.0007402629125863314
1637329315.1686661,G,36.597442626953125,-4.511890888214111,0.6551674604415894
1637329316.1922252,G,36.597442626953125,-4.511891841888428,0.1471325159072876
1637329317.2164984,G,36.597442626953125,-4.511887073516846,0.00038009812124073505
1637329318.2405488,G,36.597442626953125,-4.511885166168213,0.094155453145504
1637329319.3190048,G,36.59743881225586,-4.51188850402832,0.04732165113091469
1637329320.3401084,G,36.59743881225586,-4.511891841888428,0.1408713459968567
1637329321.364939,G,36.597434997558594,-4.511892795562744,0.04744454100728035
1637329322.3884742,G,36.597434997558594,-4.511894702911377,1.2606830068762065e-06
1637329323.4219778,G,36.597434997558594,-4.5118937492370605,0.00024205130466725677
1637329324.4561357,G,36.597434997558594,-4.511896133422852,1.2477203199523501e-06
1637329325.5199716,G,36.597434997558594,-4.511895656585693,0.0009706876589916646
1637329326.5470672,G,36.597434997558594,-4.511894226074219,0.09391339123249054
1637329327.568441,G,36.597434997558594,-4.511894226074219,0.04695919156074524
1637329328.5957456,G,36.597434997558594,-4.511893272399902,0.0001216575619764626
1637329329.6188838,G,36.597434997558594,-4.511893272399902,0.04695732519030571
1637329330.6397836,G,36.5974235534668,-4.511874198913574,0.14087072014808655
1637329331.7272663,G,36.59743118286133,-4.511882781982422,0.00018295021436642855
1637329332.7650623,G,36.5974235534668,-4.511865615844727,0.09415591508150101
1637329333.7886379,G,36.597415924072266,-4.511856555938721,0.23563252389431
1637329334.8108242,G,36.597415924072266,-4.511856555938721,0.23563252389431
1637329335.8317144,G,36.597415924072266,-4.511856555938721,0.23563252389431
1637329336.8544018,G,36.597415924072266,-4.511856555938721,0.23563252389431
1637329337.8984983,G,36.597415924072266,-4.511856555938721,0.23563252389431
1637329338.9194903,G,36.597389221191406,-4.511824607849121,0.04727005213499069
1637329339.9437444,G,36.597408294677734,-4.51185417175293,0.00012246139522176236
1637329340.9675794,G,36.597412109375,-4.51186990737915,0.28174081444740295
1637329341.9861856,G,36.5974235534668,-4.5118913650512695,1.5096547940629534e-06
1637329343.0153146,G,36.59742736816406,-4.511900424957275,0.6069527268409729
1637329344.0394678,G,36.597434997558594,-4.511905670166016,0.7014493346214294
1637329345.0576587,G,36.59743881225586,-4.5119099617004395,0.2405809611082077
1637329346.0819247,G,36.597442626953125,-4.511911869049072,0.001233173767104745
1637329347.1032495,G,36.59744644165039,-4.511914253234863,3.194793407601537e-06
1637329348.1234233,G,36.597450256347656,-4.511922836303711,0.2404991239309311
1637329349.1482286,G,36.59744644165039,-4.511933326721191,0.23600000143051147
1637329350.1713843,G,36.59744644165039,-4.511938095092773,0.188805490732193
1637329351.1904953,G,36.59744644165039,-4.5119404792785645,0.2354915887117386
1637329352.2122138,G,36.597442626953125,-4.511951923370361,0.18728572130203247
1637329353.2305424,G,36.59743881225586,-4.511955738067627,0.235994353890419
1637329354.253653,G,36.59743881225586,-4.511955261230469,0.09512578696012497
1637329355.4464872,G,36.59743881225586,-4.511955261230469,0.09440002590417862
1637329356.4741597,G,36.597442626953125,-4.511953830718994,2.508370926079806e-06
1637329357.4965115,G,36.597442626953125,-4.511953353881836,1.679243896712812e-11
1637329358.5187654,G,36.597442626953125,-4.511951923370361,8.655954371241531e-14
1637329359.5441582,G,36.59744644165039,-4.511950969696045,0.1415962278842926
1637329360.5675147,G,36.59744644165039,-4.511950969696045,0.14166098833084106
1637329361.593792,G,36.59744644165039,-4.511951446533203,0.14160031080245972
1637329362.6184459,G,36.59744644165039,-4.511951923370361,0.14159999787807465
1637329363.6440644,G,36.59744644165039,-4.511951923370361,0.14159999787807465
1637329364.6634293,G,36.59744644165039,-4.511951923370361,0.0007299008429981768
1637329365.6950812,G,36.59744644165039,-4.511952877044678,0.14159905910491943
1637329366.8468757,G,36.59744644165039,-4.511953353881836,0.14159999787807465
1637329367.8695998,G,36.59744644165039,-4.511953830718994,0.14159999787807465
1637329368.8907962,G,36.59744644165039,-4.511954307556152,0.14159999787807465
1637329369.9189994,G,36.59744644165039,-4.5119547843933105,0.14159999787807465
1637329370.9429789,G,36.59744644165039,-4.511956214904785,0.14159999787807465
1637329371.9658072,G,36.597442626953125,-4.511957168579102,0.0007299163262359798
1637329372.9893558,G,36.597442626953125,-4.511959075927734,4.8863713075775195e-09
1637329374.0126603,G,36.597442626953125,-4.511959552764893,2.518815017671372e-11
1637329375.032981,G,36.59744644165039,-4.511958122253418,2.6183250378497384e-14
1637329376.0561392,G,36.59744644165039,-4.51195764541626,1.752816139021238e-19
1637329377.0973845,G,36.59744644165039,-4.51195764541626,9.035195280101554e-22
1637329378.1243548,G,36.59744644165039,-4.51195764541626,2.4008066448491921e-26
1637329379.1446083,G,36.59744644165039,-4.51195764541626,3.117951783397904e-29
1637329380.18951,G,36.59744644165039,-4.51195764541626,1.607202409424488e-31
1637329381.2107556,G,36.59744644165039,-4.5119547843933105,8.611889795173935e-37
1637329382.2298086,G,36.59744644165039,-4.511955261230469,4.4392364635654826e-39
1637329383.2543166,G,36.59744644165039,-4.511955261230469,2.942726775082116e-44
1637329384.2729867,G,36.59744644165039,-4.5119547843933105
1637329385.2952108,G,36.59744644165039,-4.5119547843933105
1637329386.4642563,G,36.597442626953125,-4.511953830718994
1637329387.4892108,G,36.597442626953125,-4.511953830718994
1637329388.5133529,G,36.597442626953125,-4.511953830718994
1637329389.537689,G,36.59744644165039,-4.511954307556152
1637329390.5628598,G,36.59744644165039,-4.511954307556152
1637329391.5869317,G,36.597442626953125,-4.511954307556152
1637329392.6193311,G,36.597442626953125,-4.5119547843933105
1637329393.6588614,G,36.59744644165039,-4.511955261230469
1637329394.6837907,G,36.59744644165039,-4.511955261230469
1637329395.7095487,G,36.59744644165039,-4.511955261230469
1637329396.7385151,G,36.59744644165039,-4.5119547843933105
1637329397.773513,G,36.59744644165039,-4.5119547843933105
1637329398.7928596,G,36.59744644165039,-4.511955261230469
1637329399.817751,G,36.59744644165039,-4.511955738067627
1637329400.8671858,G,36.597450256347656,-4.511956214904785
1637329401.9009504,G,36.597450256347656,-4.511957168579102
1637329402.9247053,G,36.59744644165039,-4.511958122253418
1637329404.181522,G,36.597450256347656,-4.511959075927734
1637329405.212161,G,36.597450256347656,-4.511959552764893
1637329406.2340815,G,36.597450256347656,-4.511960506439209
1637329407.260403,G,36.59744644165039,-4.511961460113525
1637329408.2794135,G,36.59744644165039,-4.511961936950684
1637329409.300783,G,36.59744644165039,-4.511965274810791
1637329410.3241398,G,36.59744644165039,-4.511966705322266
1637329411.3515525,G,36.59744644165039,-4.51196813583374
1637329412.379592,G,36.59744644165039,-4.511969089508057
1637329413.4224043,G,36.59744644165039,-4.511970043182373
1637329414.4430568,G,36.59744644165039,-4.511970043182373
1637329415.4622524,G,36.597450256347656,-4.511968612670898
1637329416.4794233,G,36.597450256347656,-4.51196813583374
1637329417.5022829,G,36.597450256347656,-4.51196813583374
1637329418.52587,G,36.597450256347656,-4.51196813583374
1637329419.544732,G,36.597450256347656,-4.511967658996582
1637329420.572886,G,36.597450256347656,-4.511967182159424
1637329421.5939977,G,36.597450256347656,-4.511969089508057
1637329422.887373,G,36.597450256347656,-4.511970520019531
1637329423.9065282,G,36.597450256347656,-4.5119709968566895
1637329424.930154,G,36.59744644165039,-4.511971950531006
1637329425.954108,G,36.59744644165039,-4.511971950531006
1637329427.1062217,G,36.59744644165039,-4.511972427368164
1637329428.1431265,G,36.59744644165039,-4.511973857879639,0.1885548084974289
1637329429.1649842,G,36.597442626953125,-4.511974334716797,0.0009719385416246951
1637329430.1887622,G,36.59744644165039,-4.511972904205322,1.0103366321345675e-06
1637329431.209205,G,36.59744644165039,-4.511973857879639,0.18782681226730347
1637329432.2540596,G,36.597442626953125,-4.511975288391113,0.18783177435398102
1637329433.2946663,G,36.597442626953125,-4.5119757652282715,0.0009731960017234087
1637329434.3173795,G,36.597442626953125,-4.511975288391113,1.2638993212021887e-06
1637329435.3508155,G,36.59744644165039,-4.511974811553955,6.514988992734061e-09
1637329436.3766723,G,36.59744644165039,-4.511974334716797,1.6878436148726195e-11
1637329437.3970623,G,36.59744644165039,-4.5119733810424805,1.1299107172973066e-16
1637329438.4231672,G,36.59744644165039,-4.5119733810424805,3.002366941896112e-21
1637329439.4523172,G,36.59744644165039,-4.511974811553955,3.899204164862216e-24
1637329440.469784,G,36.59744644165039,-4.511975288391113,1.0360649673096722e-28
1637329441.491971,G,36.59744644165039,-4.511975288391113,1.0360649673096722e-28
1637329442.5146515,G,36.59744644165039,-4.511979579925537,0.2359992116689682
1637329443.5393994,G,36.597442626953125,-4.511981010437012,0.23600000143051147
1637329444.5723586,G,36.597442626953125,-4.5119829177856445,0.001216527190990746
1637329445.5978389,G,36.597442626953125,-4.511984825134277,0.23599843680858612
1637329446.6216063,G,36.597442626953125,-4.511984825134277,0.23599843680858612
1637329447.6444447,G,36.597442626953125,-4.511986255645752,7.940247428450675e-07
1637329448.6645095,G,36.597442626953125,-4.511985778808594,0.046956706792116165
1637329449.6888986,G,36.59744644165039,-4.511985778808594,1.2477203199523501e-06
1637329450.7158291,G,36.597442626953125,-4.511987209320068,8.352772466746483e-12
1637329451.7433026,G,36.597442626953125,-4.511987686157227,4.305667354229624e-14
1637329452.7918596,G,36.597442626953125,-4.511987686157227,4.475769738895006e-17
1637329454.0301828,G,36.597442626953125,-4.511987686157227,2.3071101259869633e-19
1637329455.0510259,G,36.597442626953125,-4.511987209320068,1.5445086955723428e-24
1637329456.0774338,G,36.597442626953125,-4.511987686157227,4.103943655489102e-29
1637329457.1053865,G,36.597442626953125,-4.511987209320068,2.1154911037963186e-31
1637329458.1295872,G,36.59743881225586,-4.511991024017334,2.1990670770603333e-34
1637329459.1528535,G,36.59743881225586,-4.511993885040283,0.2817401587963104
1637329460.182042,G,36.59743881225586,-4.511995315551758,0.0003677849017549306
1637329461.201837,G,36.59743881225586,-4.511995792388916,9.772482378878067e-09
1637329462.2252762,G,36.59743881225586,-4.511996269226074,5.0374961146903985e-11
1637329463.2500563,G,36.59743881225586,-4.511997222900391,3.3723820054563957e-16
1637329464.2798688,G,36.59743881225586,-4.511998176574707,8.960820110805673e-21
1637329465.3044987,G,36.597434997558594,-4.51200008392334,2.381044015169934e-25
1637329466.3238444,G,36.597434997558594,-4.512002468109131,0.1885548084974289
1637329467.3723962,G,36.59743118286133,-4.512004375457764,5.010125732951565e-06
1637329468.3962922,G,36.597434997558594,-4.512004852294922,2.5826077276747128e-08
1637329469.4178,G,36.597434997558594,-4.51200532913208,2.6846379286293853e-11
1637329470.4393356,G,36.597434997558594,-4.5120062828063965,7.133392785629313e-16
1637329471.4586768,G,36.597434997558594,-4.5120062828063965,3.677104440880458e-18
1637329472.533036,G,36.597434997558594,-4.512006759643555,2.46161063579995e-23
1637329473.5628805,G,36.597434997558594,-4.512006759643555,6.540922721738136e-28
1637329474.612729,G,36.597434997558594,-4.512006759643555,6.540922721738136e-28
1637329475.638426,G,36.597434997558594,-4.512007236480713,3.504829344498762e-33
1637329476.664299,G,36.597434997558594,-4.5120086669921875,2.3463289638611557e-38
1637329477.6869996,G,36.59743118286133,-4.512006759643555,6.235778166245436e-43
1637329478.7071247,G,36.59743118286133,-4.512005805969238,2.802596928649634e-45
1637329479.7309923,G,36.59743118286133,-4.51200532913208,0.00024393253261223435
1637329480.760142,G,36.59743118286133,-4.5120038986206055,6.4815779410309915e-09
1637329481.8821647,G,36.59743118286133,-4.512003421783447,8.417690156026225e-12
1637329482.9132862,G,36.59743118286133,-4.512002468109131,2.236680494475626e-16
1637329483.9385047,G,36.59743118286133,-4.512001991271973,5.943244233579487e-21
1637329484.9569468,G,36.59743118286133,-4.5120015144348145,3.0636094830080104e-23
1637329485.9812582,G,36.59743118286133,-4.51200008392334,3.1846425677337043e-26
1637329487.0056348,G,36.59743118286133,-4.511999607086182,0.23478347063064575
1637329488.0285792,G,36.59743118286133,-4.511997699737549,6.238600235519698e-06
1637329489.0538218,G,36.59743118286133,-4.511996269226074,4.17638527927533e-11
1637329490.0752118,G,36.59743118286133,-4.511995792388916,2.1528331688950436e-13
1637329491.1008883,G,36.59743118286133,-4.511995315551758,5.577362556578825e-16
1637329492.1413271,G,36.59743118286133,-4.5119948387146,3.7337119354085875e-21
1637329493.163961,G,36.59743118286133,-4.511994361877441,1.9246450083017666e-23
1637329494.691662,G,36.59743118286133,-4.51199197769165,1.288465068017668e-28
1637329495.7146668,G,36.59743118286133,-4.511990070343018,3.4236052562508344e-33
1637329496.7370293,G,36.5974235534668,-4.511984348297119,0.23575468361377716
1637329497.759903,G,36.5974235534668,-4.511977672576904,0.18807509541511536
1637329498.7831192,G,36.597415924072266,-4.5119733810424805,0.09391342103481293
1637329499.8648355,G,36.597412109375,-4.511970520019531,0.14087258279323578
1637329500.890831,G,36.597408294677734,-4.511965751647949,0.0004878457693848759
1637329501.9128535,G,36.597408294677734,-4.511965751647949,0.0004878457693848759
1637329502.9392486,G,36.5974006652832,-4.511957168579102,0.000242051319219172
1637329503.9667335,G,36.59739685058594,-4.511952877044678,0.04719875380396843
1637329504.987858,G,36.59739303588867,-4.511948108673096,0.23526883125305176
1637329506.0195618,G,36.59739303588867,-4.511945724487305,0.18903954327106476
1637329507.0417838,G,36.59739303588867,-4.511945724487305,0.18903954327106476
1637329508.0651608,G,36.59739303588867,-4.511945724487305,0.18903954327106476
1637329509.0872757,G,36.59739303588867,-4.511945724487305,0.18903954327106476
1637329510.1089938,G,36.59739303588867,-4.511945724487305,0.18903954327106476
1637329511.129411,G,36.59739303588867,-4.511945724487305,0.18903954327106476
1637329512.1863282,G,36.59739303588867,-4.511945724487305,0.18903954327106476
1637329513.2205453,G,36.59739303588867,-4.511945724487305,0.18903954327106476
1637329514.250252,G,36.59739303588867,-4.511945724487305,0.18903954327106476
1637329515.2762783,G,36.59739303588867,-4.511945724487305,0.18903954327106476
1637329516.2953935,G,36.59739303588867,-4.511945724487305,0.18903954327106476
1637329517.3181343,G,36.59739303588867,-4.511945724487305,0.18903954327106476
1637329518.4014053,G,36.59739303588867,-4.511945724487305,0.18903954327106476
1637329519.4302783,G,36.59739303588867,-4.511945724487305,0.18903954327106476
1637329520.451684,G,36.59739303588867,-4.511945724487305,0.18903954327106476
1637329521.47432,G,36.59739303588867,-4.511945724487305,0.18903954327106476
1637329522.4955184,G,36.59739303588867,-4.511945724487305,0.18903954327106476
1637329523.5250688,G,36.59739303588867,-4.511945724487305,0.18903954327106476
1637329524.7233531,G,36.59739303588867,-4.511945724487305,0.18903954327106476
1637329525.9123385,G,36.59739303588867,-4.511945724487305,0.18903954327106476
1637329526.9626422,G,36.59739303588867,-4.511945724487305,0.18903954327106476
1637329527.9866388,G,36.59739303588867,-4.511945724487305,0.18903954327106476
1637329529.0066724,G,36.59739303588867,-4.511945724487305,0.18903954327106476
1637329530.142681,G,36.59739303588867,-4.511945724487305,0.18903954327106476
1637329531.1622741,G,36.59739303588867,-4.511945724487305,0.18903954327106476
1637329532.179556,G,36.59739303588867,-4.511945724487305,0.18903954327106476
1637329533.204278,G,36.59739303588867,-4.511945724487305,0.18903954327106476
1637329534.2674062,G,36.59739303588867,-4.511945724487305,0.18903954327106476
1637329535.2988064,G,36.59739303588867,-4.511945724487305,0.18903954327106476
1637329536.3253336,G,36.59739303588867,-4.511945724487305,0.18903954327106476
1637329537.5889456,G,36.59739303588867,-4.511945724487305,0.18903954327106476
1637329538.6108365,G,36.59739303588867,-4.511945724487305,0.18903954327106476
1637329539.6363583,G,36.59739303588867,-4.511945724487305,0.18903954327106476
1637329540.6593132,G,36.59739303588867,-4.511945724487305,0.18903954327106476
1637329541.6804578,G,36.59739303588867,-4.511945724487305,0.18903954327106476
1637329542.7181895,G,36.59739303588867,-4.511945724487305,0.18903954327106476
1637329543.7759194,G,36.59739303588867,-4.511945724487305,0.18903954327106476
1637329544.7996736,G,36.59739303588867,-4.511945724487305,0.18903954327106476
1637329545.829946,G,36.59739303588867,-4.511945724487305,0.18903954327106476
1637329546.8531454,G,36.59739303588867,-4.511945724487305,0.18903954327106476
1637329547.8754559,G,36.59739303588867,-4.511945724487305,0.18903954327106476
1637329548.8997588,G,36.59739303588867,-4.511945724487305,0.18903954327106476
1637329549.9242768,G,36.59739303588867,-4.511945724487305,0.18903954327106476
1637329550.9488337,G,36.59739303588867,-4.511945724487305,0.18903954327106476
1637329551.971818,G,36.59739303588867,-4.511945724487305,0.18903954327106476
1637329553.003924,G,36.59739303588867,-4.511945724487305,0.18903954327106476
1637329554.026452,G,36.59739303588867,-4.511945724487305,0.18903954327106476
1637329555.072711,G,36.59739303588867,-4.511945724487305,0.18903954327106476
1637329556.116364,G,36.59739303588867,-4.511945724487305,0.18903954327106476
1637329557.136365,G,36.59739303588867,-4.511945724487305,0.18903954327106476
1637329558.1622539,G,36.59739303588867,-4.511945724487305,0.18903954327106476
1637329559.1859143,G,36.59739303588867,-4.511945724487305,0.18903954327106476
1637329560.2191339,G,36.59739303588867,-4.511945724487305,0.18903954327106476
1637329561.2587159,G,36.59739303588867,-4.511945724487305,0.18903954327106476
1637329562.2805138,G,36.59739303588867,-4.511945724487305,0.18903954327106476
1637329563.3025148,G,36.59739303588867,-4.511945724487305,0.18903954327106476
1637329564.3353682,G,36.59739303588867,-4.511945724487305,0.18903954327106476
1637329565.3583345,G,36.59739303588867,-4.511945724487305,0.18903954327106476
1637329566.44152,G,36.59739303588867,-4.511945724487305,0.18903954327106476
1637329567.464939,G,36.59739303588867,-4.511945724487305,0.18903954327106476
1637329568.4902902,G,36.59739303588867,-4.511945724487305,0.18903954327106476
1637329569.5129113,G,36.59739303588867,-4.511945724487305,0.18903954327106476
1637329570.5381608,G,36.59739303588867,-4.511945724487305,0.18903954327106476
1637329571.5598555,G,36.59739303588867,-4.511945724487305,0.18903954327106476
1637329578.768394,G,36.59739303588867,-4.511945724487305
1637329581.9102516,G,36.59739303588867,-4.511945724487305,0.18903954327106476
1637329582.9412434,G,36.59739303588867,-4.511945724487305,0.18903954327106476
1637329583.9760501,G,36.59739303588867,-4.511945724487305,0.18903954327106476
1637329585.0109682,G,36.59739303588867,-4.511945724487305,0.18903954327106476
1637329586.0375373,G,36.59739303588867,-4.511945724487305,0.18903954327106476
1637329587.0637217,G,36.59739303588867,-4.511945724487305,0.18903954327106476
1637329588.0840766,G,36.59739303588867,-4.511945724487305,0.18903954327106476
1637329589.1129029,G,36.59739303588867,-4.511945724487305,0.18903954327106476
1637329590.133393,G,36.59739303588867,-4.511945724487305,0.18903954327106476
1637329591.1515412,G,36.59739303588867,-4.511945724487305,0.18903954327106476
1637329592.169658,G,36.59739303588867,-4.511945724487305,0.18903954327106476
1637329593.1905234,G,36.59739303588867,-4.511945724487305,0.18903954327106476
1637329594.2171316,G,36.59739303588867,-4.511945724487305,0.18903954327106476
1637329595.2449193,G,36.59739303588867,-4.511945724487305,0.18903954327106476
1637329596.4570973,G,36.59739303588867,-4.511945724487305,0.18903954327106476
1637329597.4798894,G,36.59739303588867,-4.511945724487305,0.18903954327106476
1637329598.5245922,G,36.59739303588867,-4.511945724487305,0.18903954327106476
1637329599.5493665,G,36.59739303588867,-4.511945724487305,0.18903954327106476
1637329600.574012,G,36.59739303588867,-4.511945724487305,0.18903954327106476
1637329601.5956457,G,36.59739303588867,-4.511945724487305,0.18903954327106476
1637329602.6274815,G,36.59739303588867,-4.511945724487305,0.18903954327106476
1637329603.6567097,G,36.59739303588867,-4.511945724487305,0.18903954327106476
1637329604.68154,G,36.59739303588867,-4.511945724487305,0.18903954327106476
1637329605.7047677,G,36.59739303588867,-4.511945724487305,0.18903954327106476
1637329606.7427511,G,36.59739303588867,-4.511945724487305,0.18903954327106476
1637329607.7817764,G,36.59739303588867,-4.511945724487305,0.18903954327106476
1637329608.8237524,G,36.59739303588867,-4.511945724487305,0.18903954327106476
1637329609.8475432,G,36.59739303588867,-4.511945724487305,0.18903954327106476
1637329610.8672204,G,36.59739303588867,-4.511945724487305,0.18903954327106476
1637329611.890674,G,36.59739303588867,-4.511945724487305,0.18903954327106476
1637329612.912788,G,36.59739303588867,-4.511945724487305,0.18903954327106476
1637329613.9378493,G,36.59739303588867,-4.511945724487305,0.18903954327106476
1637329615.1105235,G,36.59739303588867,-4.511945724487305,0.18903954327106476
1637329616.1335478,G,36.59739303588867,-4.511945724487305,0.18903954327106476
1637329617.1734607,G,36.59739303588867,-4.511945724487305,0.18903954327106476
1637329618.199101,G,36.59739303588867,-4.511945724487305,0.18903954327106476
1637329619.2192097,G,36.59739303588867,-4.511945724487305,0.18903954327106476
1637329620.2466853,G,36.59739303588867,-4.511945724487305,0.18903954327106476
1637329621.269672,G,36.59739303588867,-4.511945724487305,0.18903954327106476
1637329622.2929645,G,36.59739303588867,-4.511945724487305,0.18903954327106476
1637329623.3155184,G,36.59739303588867,-4.511945724487305,0.18903954327106476
1637329624.3403378,G,36.59739303588867,-4.511945724487305,0.18903954327106476
1637329625.3607752,G,36.59739303588867,-4.511945724487305,0.18903954327106476
1637329626.387297,G,36.59739303588867,-4.511945724487305,0.18903954327106476
1637329627.4170892,G,36.59739303588867,-4.511945724487305,0.18903954327106476
1637329628.4361377,G,36.59739303588867,-4.511945724487305,0.18903954327106476
1637329629.462689,G,36.59739303588867,-4.511945724487305,0.18903954327106476
1637329630.4848213,G,36.59739303588867,-4.511945724487305,0.18903954327106476
1637329631.5087178,G,36.59739303588867,-4.511945724487305,0.18903954327106476
1637329632.544029,G,36.59739303588867,-4.511945724487305,0.18903954327106476
1637329633.5753531,G,36.59739303588867,-4.511945724487305,0.18903954327106476
1637329634.5947273,G,36.59739303588867,-4.511945724487305,0.18903954327106476
1637329635.6234305,G,36.59739303588867,-4.511945724487305,0.18903954327106476
1637329636.6467128,G,36.59739303588867,-4.511945724487305,0.18903954327106476
1637329637.6726809,G,36.59739303588867,-4.511945724487305,0.18903954327106476
1637329638.7878351,G,36.59739303588867,-4.511945724487305,0.18903954327106476
1637329639.8124754,G,36.59739303588867,-4.511945724487305,0.18903954327106476
1637329640.9097505,G,36.59739303588867,-4.511945724487305,0.18903954327106476
1637329641.9336889,G,36.59739303588867,-4.511945724487305,0.18903954327106476
1637329642.9573202,G,36.59739303588867,-4.511945724487305,0.18903954327106476
1637329643.984027,G,36.59739303588867,-4.511945724487305,0.18903954327106476
1637329645.0058289,G,36.59739303588867,-4.511945724487305,0.18903954327106476
1637329646.030409,G,36.59739303588867,-4.511945724487305,0.18903954327106476
1637329647.0527644,G,36.59739303588867,-4.511945724487305,0.18903954327106476
1637329648.0774987,G,36.59739303588867,-4.511945724487305,0.18903954327106476
1637329649.1021473,G,36.59739303588867,-4.511945724487305,0.18903954327106476
1637329650.131586,G,36.59739303588867,-4.511945724487305,0.18903954327106476
1637329651.1517253,G,36.59739303588867,-4.511945724487305,0.18903954327106476
1637329652.182884,G,36.59739303588867,-4.511945724487305,0.18903954327106476
1637329653.2029257,G,36.59739303588867,-4.511945724487305,0.18903954327106476
1637329654.2244282,G,36.59739303588867,-4.511945724487305,0.18903954327106476
1637329655.2467866,G,36.59739303588867,-4.511945724487305,0.18903954327106476
1637329656.2713485,G,36.59739303588867,-4.511945724487305,0.18903954327106476
1637329657.2981741,G,36.59739303588867,-4.511945724487305,0.18903954327106476
1637329658.317082,G,36.59739303588867,-4.511945724487305,0.18903954327106476
1637329659.3448846,G,36.59739303588867,-4.511945724487305,0.18903954327106476
1637329660.3676505,G,36.59739303588867,-4.511945724487305,0.18903954327106476
1637329661.39085,G,36.59739303588867,-4.511945724487305,0.18903954327106476
1637329662.4131246,G,36.59739303588867,-4.511945724487305,0.18903954327106476
